t	x
0	671760
0.0115741	671339
0.0231481	670638
0.0347222	669656
0.0462963	668396
0.0578704	666855
0.0694444	665037
0.0810185	662941
0.0925926	660568
0.104167	657919
0.115741	654995
0.127315	651798
0.138889	648329
0.150463	644589
0.162037	640580
0.173611	636303
0.185185	631761
0.196759	626955
0.208333	621887
0.219907	616559
0.231481	610975
0.243056	605135
0.25463	599042
0.266204	592700
0.277778	586110
0.289352	579275
0.300926	572199
0.3125	564884
0.324074	557333
0.335648	549549
0.347222	541536
0.358796	533297
0.37037	524836
0.381944	516156
0.393519	507260
0.405093	498153
0.416667	488838
0.428241	479319
0.439815	469600
0.451389	459685
0.462963	449579
0.474537	439284
0.486111	428807
0.497685	418151
0.509259	407321
0.520833	396321
0.532407	385155
0.543981	373829
0.555556	362347
0.56713	350715
0.578704	338936
0.590278	327015
0.601852	314959
0.613426	302771
0.625	290457
0.636574	278022
0.648148	265471
0.659722	252810
0.671296	240043
0.68287	227176
0.694444	214215
0.706019	201165
0.717593	188030
0.729167	174818
0.740741	161532
0.752315	148180
0.763889	134765
0.775463	121295
0.787037	107774
0.798611	94208.5
0.810185	80603.6
0.821759	66965.1
0.833333	53298.8
0.844907	39610.3
0.856481	25905.4
0.868056	12189.6
0.87963	-1531.2
0.891204	-15251.4
0.902778	-28965.2
0.914352	-42667
0.925926	-56351.1
0.9375	-70011.7
0.949074	-83643.2
0.960648	-97240
0.972222	-110796
0.983796	-124307
0.99537	-137765
1.00694	-151167
1.01852	-164505
1.03009	-177775
1.04167	-190972
1.05324	-204089
1.06481	-217121
1.07639	-230063
1.08796	-242910
1.09954	-255655
1.11111	-268295
1.12269	-280823
1.13426	-293234
1.14583	-305524
1.15741	-317687
1.16898	-329718
1.18056	-341612
1.19213	-353365
1.2037	-364970
1.21528	-376425
1.22685	-387723
1.23843	-398860
1.25	-409832
1.26157	-420634
1.27315	-431261
1.28472	-441709
1.2963	-451974
1.30787	-462052
1.31944	-471938
1.33102	-481629
1.34259	-491119
1.35417	-500406
1.36574	-509486
1.37731	-518354
1.38889	-527007
1.40046	-535442
1.41204	-543655
1.42361	-551643
1.43519	-559402
1.44676	-566929
1.45833	-574221
1.46991	-581275
1.48148	-588088
1.49306	-594658
1.50463	-600981
1.5162	-607055
1.52778	-612878
1.53935	-618446
1.55093	-623758
1.5625	-628812
1.57407	-633606
1.58565	-638137
1.59722	-642403
1.6088	-646404
1.62037	-650136
1.63194	-653600
1.64352	-656792
1.65509	-659713
1.66667	-662360
1.67824	-664733
1.68981	-666830
1.70139	-668652
1.71296	-670196
1.72454	-671463
1.73611	-672451
1.74769	-673161
1.75926	-673593
1.77083	-673745
1.78241	-673618
1.79398	-673212
1.80556	-672528
1.81713	-671565
1.8287	-670323
1.84028	-668804
1.85185	-667008
1.86343	-664936
1.875	-662588
1.88657	-659966
1.89815	-657071
1.90972	-653903
1.9213	-650465
1.93287	-646757
1.94444	-642781
1.95602	-638538
1.96759	-634032
1.97917	-629262
1.99074	-624232
2.00231	-618943
2.01389	-613398
2.02546	-607599
2.03704	-601547
2.04861	-595247
2.06019	-588700
2.07176	-581909
2.08333	-574877
2.09491	-567606
2.10648	-560101
2.11806	-552363
2.12963	-544396
2.1412	-536204
2.15278	-527789
2.16435	-519155
2.17593	-510307
2.1875	-501246
2.19907	-491978
2.21065	-482506
2.22222	-472834
2.2338	-462965
2.24537	-452905
2.25694	-442657
2.26852	-432225
2.28009	-421614
2.29167	-410828
2.30324	-399872
2.31481	-388749
2.32639	-377466
2.33796	-366026
2.34954	-354433
2.36111	-342694
2.37269	-330813
2.38426	-318794
2.39583	-306643
2.40741	-294365
2.41898	-281964
2.43056	-269446
2.44213	-256817
2.4537	-244081
2.46528	-231243
2.47685	-218310
2.48843	-205286
2.5	-192176
2.51157	-178987
2.52315	-165723
2.53472	-152390
2.5463	-138995
2.55787	-125541
2.56944	-112035
2.58102	-98482.9
2.59259	-84889.6
2.60417	-71261
2.61574	-57602.8
2.62731	-43920.7
2.63889	-30220.3
2.65046	-16507.3
2.66204	-2787.49
2.67361	10933.5
2.68519	24650
2.69676	38356.1
2.70833	52046.4
2.71991	65715
2.73148	79356.2
2.74306	92964.4
2.75463	106534
2.7662	120059
2.77778	133534
2.78935	146954
2.80093	160313
2.8125	173604
2.82407	186824
2.83565	199965
2.84722	213024
2.8588	225993
2.87037	238869
2.88194	251645
2.89352	264316
2.90509	276878
2.91667	289323
2.92824	301649
2.93981	313848
2.95139	325917
2.96296	337850
2.97454	349642
2.98611	361289
2.99769	372784
3.00926	384125
3.02083	395305
3.03241	406321
3.04398	417167
3.05556	427839
3.06713	438333
3.0787	448644
3.09028	458768
3.10185	468700
3.11343	478437
3.125	487975
3.13657	497309
3.14815	506435
3.15972	515350
3.1713	524050
3.18287	532532
3.19444	540791
3.20602	548825
3.21759	556630
3.22917	564202
3.24074	571539
3.25231	578637
3.26389	585494
3.27546	592106
3.28704	598472
3.29861	604587
3.31019	610450
3.32176	616059
3.33333	621410
3.34491	626501
3.35648	631332
3.36806	635898
3.37963	640199
3.3912	644233
3.40278	647998
3.41435	651492
3.42593	654714
3.4375	657663
3.44907	660337
3.46065	662735
3.47222	664857
3.4838	666701
3.49537	668266
3.50694	669553
3.51852	670559
3.53009	671286
3.54167	671733
3.55324	671899
3.56481	671784
3.57639	671389
3.58796	670714
3.59954	669758
3.61111	668523
3.62269	667008
3.63426	665215
3.64583	663144
3.65741	660796
3.66898	658173
3.68056	655274
3.69213	652102
3.7037	648658
3.71528	644942
3.72685	640958
3.73843	636706
3.75	632188
3.76157	627406
3.77315	622362
3.78472	617058
3.7963	611496
3.80787	605680
3.81944	599610
3.83102	593291
3.84259	586723
3.85417	579911
3.86574	572857
3.87731	565563
3.88889	558034
3.90046	550271
3.91204	542279
3.92361	534061
3.93519	525620
3.94676	516960
3.95833	508083
3.96991	498995
3.98148	489699
3.99306	480199
4.00463	470498
4.0162	460601
4.02778	450512
4.03935	440235
4.05093	429774
4.0625	419134
4.07407	408320
4.08565	397335
4.09722	386184
4.1088	374873
4.12037	363405
4.13194	351786
4.14352	340020
4.15509	328112
4.16667	316068
4.17824	303892
4.18981	291589
4.20139	279165
4.21296	266625
4.22454	253973
4.23611	241216
4.24769	228358
4.25926	215406
4.27083	202363
4.28241	189236
4.29398	176030
4.30556	162752
4.31713	149405
4.3287	135996
4.34028	122531
4.35185	109014
4.36343	95452.3
4.375	81850.7
4.38657	68215.1
4.39815	54551.1
4.40972	40864.4
4.4213	27160.7
4.43287	13445.7
4.44444	-274.915
4.45602	-13995.4
4.46759	-27710
4.47917	-41413.2
4.49074	-55099.1
4.50231	-68762.1
4.51389	-82396.5
4.52546	-95996.7
4.53704	-109557
4.54861	-123072
4.56019	-136535
4.57176	-149942
4.58333	-163287
4.59491	-176563
4.60648	-189767
4.61806	-202891
4.62963	-215931
4.6412	-228882
4.65278	-241738
4.66435	-254493
4.67593	-267142
4.6875	-279681
4.69907	-292103
4.71065	-304404
4.72222	-316579
4.7338	-328622
4.74537	-340529
4.75694	-352295
4.76852	-363914
4.78009	-375382
4.79167	-386695
4.80324	-397847
4.81481	-408834
4.82639	-419652
4.83796	-430295
4.84954	-440760
4.86111	-451042
4.87269	-461137
4.88426	-471041
4.89583	-480750
4.90741	-490259
4.91898	-499565
4.93056	-508663
4.94213	-517551
4.9537	-526224
4.96528	-534679
4.97685	-542913
4.98843	-550921
5	-558701
5.01157	-566249
5.02315	-573563
5.03472	-580639
5.0463	-587475
5.05787	-594067
5.06944	-600412
5.08102	-606509
5.09259	-612355
5.10417	-617947
5.11574	-623283
5.12731	-628360
5.13889	-633178
5.15046	-637733
5.16204	-642024
5.17361	-646048
5.18519	-649806
5.19676	-653294
5.20833	-656511
5.21991	-659457
5.23148	-662129
5.24306	-664527
5.25463	-666650
5.2662	-668496
5.27778	-670066
5.28935	-671358
5.30093	-672372
5.3125	-673108
5.32407	-673565
5.33565	-673743
5.34722	-673641
5.3588	-673261
5.37037	-672602
5.38194	-671664
5.39352	-670449
5.40509	-668955
5.41667	-667184
5.42824	-665137
5.43981	-662815
5.45139	-660218
5.46296	-657347
5.47454	-654204
5.48611	-650791
5.49769	-647107
5.50926	-643156
5.52083	-638938
5.53241	-634455
5.54398	-629710
5.55556	-624703
5.56713	-619438
5.5787	-613916
5.59028	-608140
5.60185	-602112
5.61343	-595834
5.625	-589310
5.63657	-582541
5.64815	-575531
5.65972	-568282
5.6713	-560798
5.68287	-553081
5.69444	-545135
5.70602	-536963
5.71759	-528568
5.72917	-519955
5.74074	-511126
5.75231	-502084
5.76389	-492835
5.77546	-483382
5.78704	-473727
5.79861	-463877
5.81019	-453834
5.82176	-443603
5.83333	-433188
5.84491	-422593
5.85648	-411823
5.86806	-400882
5.87963	-389774
5.8912	-378505
5.90278	-367079
5.91435	-355501
5.92593	-343775
5.9375	-331906
5.94907	-319900
5.96065	-307761
5.97222	-295494
5.9838	-283104
5.99537	-270597
6.00694	-257978
6.01852	-245251
6.03009	-232423
6.04167	-219498
6.05324	-206482
6.06481	-193380
6.07639	-180197
6.08796	-166940
6.09954	-153614
6.11111	-140224
6.12269	-126775
6.13426	-113274
6.14583	-99725.5
6.15741	-86135.7
6.16898	-72510.1
6.18056	-58854.4
6.19213	-45174.2
6.2037	-31475.3
6.21528	-17763.2
6.22685	-4043.76
6.23843	9677.36
6.25	23394.5
6.26157	37101.8
6.27315	50793.8
6.28472	64464.6
6.2963	78108.6
6.30787	91720
6.31944	105293
6.33102	118823
6.34259	132303
6.35417	145728
6.36574	159092
6.37731	172390
6.38889	185617
6.40046	198766
6.41204	211832
6.42361	224810
6.43519	237694
6.44676	250480
6.45833	263161
6.46991	275732
6.48148	288189
6.49306	300525
6.50463	312737
6.5162	324818
6.52778	336763
6.53935	348568
6.55093	360228
6.5625	371738
6.57407	383093
6.58565	394288
6.59722	405319
6.6088	416181
6.62037	426869
6.63194	437380
6.64352	447707
6.65509	457849
6.66667	467799
6.67824	477554
6.68981	487110
6.70139	496463
6.71296	505608
6.72454	514543
6.73611	523263
6.74769	531765
6.75926	540044
6.77083	548099
6.78241	555925
6.79398	563518
6.80556	570877
6.81713	577997
6.8287	584876
6.84028	591511
6.85185	597899
6.86343	604038
6.875	609924
6.88657	615556
6.89815	620931
6.90972	626046
6.9213	630900
6.93287	635491
6.94444	639816
6.95602	643875
6.96759	647664
6.97917	651183
6.99074	654430
7.00231	657404
7.01389	660103
7.02546	662527
7.03704	664674
7.04861	666543
7.06019	668134
7.07176	669446
7.08333	670479
7.09491	671231
7.10648	671704
7.11806	671895
7.12963	671806
7.1412	671437
7.15278	670787
7.16435	669857
7.17593	668647
7.1875	667158
7.19907	665391
7.21065	663345
7.22222	661023
7.2338	658424
7.24537	655551
7.25694	652404
7.26852	648984
7.28009	645294
7.29167	641334
7.30324	637106
7.31481	632612
7.32639	627854
7.33796	622834
7.34954	617554
7.36111	612016
7.37269	606223
7.38426	600177
7.39583	593880
7.40741	587335
7.41898	580545
7.43056	573512
7.44213	566241
7.4537	558733
7.46528	550992
7.47685	543021
7.48843	534823
7.5	526402
7.51157	517762
7.52315	508905
7.53472	499836
7.5463	490559
7.55787	481077
7.56944	471394
7.58102	461515
7.59259	451443
7.60417	441183
7.61574	430739
7.62731	420116
7.63889	409317
7.65046	398347
7.66204	387212
7.67361	375915
7.68519	364461
7.69676	352856
7.70833	341103
7.71991	329208
7.73148	317176
7.74306	305012
7.75463	292721
7.7662	280308
7.77778	267778
7.78935	255136
7.80093	242388
7.8125	229540
7.82407	216595
7.83565	203561
7.84722	190441
7.8588	177243
7.87037	163970
7.88194	150630
7.89352	137226
7.90509	123766
7.91667	110254
7.92824	96695.7
7.93981	83097.5
7.95139	69464.8
7.96296	55803.1
7.97454	42118.3
7.98611	28415.9
7.99769	14701.7
8.00926	981.371
8.02083	-12739.4
8.03241	-26454.8
8.04398	-40159.2
8.05556	-53846.9
8.06713	-67512.3
8.0787	-81149.5
8.09028	-94753.1
8.10185	-108317
8.11343	-121836
8.125	-135305
8.13657	-148717
8.14815	-162068
8.15972	-175351
8.1713	-188561
8.18287	-201693
8.19444	-214741
8.20602	-227700
8.21759	-240565
8.22917	-253329
8.24074	-265988
8.25231	-278537
8.26389	-290971
8.27546	-303283
8.28704	-315469
8.29861	-327525
8.31019	-339445
8.32176	-351223
8.33333	-362856
8.34491	-374339
8.35648	-385666
8.36806	-396833
8.37963	-407835
8.3912	-418669
8.40278	-429328
8.41435	-439810
8.42593	-450109
8.4375	-460221
8.44907	-470142
8.46065	-479869
8.47222	-489397
8.4838	-498721
8.49537	-507839
8.50694	-516746
8.51852	-525439
8.53009	-533914
8.54167	-542168
8.55324	-550197
8.56481	-557998
8.57639	-565568
8.58796	-572903
8.59954	-580001
8.61111	-586859
8.62269	-593473
8.63426	-599842
8.64583	-605962
8.65741	-611830
8.66898	-617446
8.68056	-622805
8.69213	-627906
8.7037	-632748
8.71528	-637327
8.72685	-641642
8.73843	-645691
8.75	-649473
8.76157	-652986
8.77315	-656228
8.78472	-659198
8.7963	-661896
8.80787	-664319
8.81944	-666467
8.83102	-668339
8.84259	-669934
8.85417	-671251
8.86574	-672291
8.87731	-673052
8.88889	-673535
8.90046	-673738
8.91204	-673662
8.92361	-673308
8.93519	-672674
8.94676	-671762
8.95833	-670571
8.96991	-669103
8.98148	-667358
8.99306	-665336
9.00463	-663039
9.0162	-660467
9.02778	-657621
9.03935	-654503
9.05093	-651114
9.0625	-647456
9.07407	-643529
9.08565	-639335
9.09722	-634877
9.1088	-630155
9.12037	-625172
9.13194	-619931
9.14352	-614432
9.15509	-608679
9.16667	-602674
9.17824	-596419
9.18981	-589917
9.20139	-583171
9.21296	-576182
9.22454	-568955
9.23611	-561493
9.24769	-553797
9.25926	-545872
9.27083	-537720
9.28241	-529346
9.29398	-520752
9.30556	-511943
9.31713	-502921
9.3287	-493691
9.34028	-484255
9.35185	-474620
9.36343	-464787
9.375	-454761
9.38657	-444547
9.39815	-434149
9.40972	-423570
9.4213	-412816
9.43287	-401890
9.44444	-390798
9.45602	-379544
9.46759	-368132
9.47917	-356567
9.49074	-344855
9.50231	-332999
9.51389	-321005
9.52546	-308878
9.53704	-296622
9.54861	-284244
9.56019	-271747
9.57176	-259138
9.58333	-246421
9.59491	-233601
9.60648	-220685
9.61806	-207677
9.62963	-194583
9.6412	-181408
9.65278	-168157
9.66435	-154837
9.67593	-141452
9.6875	-128009
9.69907	-114512
9.71065	-100968
9.72222	-87381.5
9.7338	-73759
9.74537	-60105.8
9.75694	-46427.6
9.76852	-32730.1
9.78009	-19019
9.79167	-5300.02
9.80324	8421.19
9.81481	22138.9
9.82639	35847.4
9.83796	49541
9.84954	63214
9.86111	76860.6
9.87269	90475.3
9.88426	104052
9.89583	117586
9.90741	131071
9.91898	144501
9.93056	157871
9.94213	171176
9.9537	184409
9.96528	197565
9.97685	210639
9.98843	223625
10	236519
10.0116	249313
10.0231	262004
10.0347	274586
10.0463	287053
10.0579	299401
10.0694	311624
10.081	323717
10.0926	335675
10.1042	347494
10.1157	359167
10.1273	370691
10.1389	382060
10.1505	393270
10.162	404316
10.1736	415194
10.1852	425898
10.1968	436425
10.2083	446770
10.2199	456928
10.2315	466896
10.2431	476669
10.2546	486243
10.2662	495615
10.2778	504780
10.2894	513734
10.3009	522474
10.3125	530995
10.3241	539296
10.3356	547371
10.3472	555218
10.3588	562833
10.3704	570213
10.3819	577355
10.3935	584257
10.4051	590914
10.4167	597325
10.4282	603486
10.4398	609396
10.4514	615051
10.463	620449
10.4745	625589
10.4861	630467
10.4977	635082
10.5093	639431
10.5208	643514
10.5324	647328
10.544	650872
10.5556	654144
10.5671	657143
10.5787	659868
10.5903	662316
10.6019	664489
10.6134	666384
10.625	668000
10.6366	669338
10.6481	670396
10.6597	671174
10.6713	671672
10.6829	671889
10.6944	671826
10.706	671482
10.7176	670858
10.7292	669954
10.7407	668770
10.7523	667306
10.7639	665564
10.7755	663544
10.787	661247
10.7986	658674
10.8102	655825
10.8218	652703
10.8333	649309
10.8449	645643
10.8565	641707
10.8681	637504
10.8796	633035
10.8912	628301
10.9028	623305
10.9144	618048
10.9259	612534
10.9375	606764
10.9491	600741
10.9606	594466
10.9722	587944
10.9838	581177
10.9954	574166
11.0069	566916
11.0185	559430
11.0301	551710
11.0417	543760
11.0532	535583
11.0648	527182
11.0764	518562
11.088	509725
11.0995	500675
11.1111	491417
11.1227	481953
11.1343	472289
11.1458	462428
11.1574	452373
11.169	442130
11.1806	431703
11.1921	421096
11.2037	410313
11.2153	399359
11.2269	388238
11.2384	376956
11.25	365516
11.2616	353925
11.2731	342185
11.2847	330303
11.2963	318284
11.3079	306131
11.3194	293851
11.331	281449
11.3426	268930
11.3542	256298
11.3657	243560
11.3773	230720
11.3889	217784
11.4005	204758
11.412	191646
11.4236	178454
11.4352	165188
11.4468	151854
11.4583	138456
11.4699	125000
11.4815	111493
11.4931	97938.7
11.5046	84344
11.5162	70714.2
11.5278	57055
11.5394	43372
11.5509	29671
11.5625	15957.6
