t	x
0	1.07034e+06
0.0115741	1.07018e+06
0.0231481	1.0699e+06
0.0347222	1.06952e+06
0.0462963	1.06902e+06
0.0578704	1.06841e+06
0.0694444	1.06769e+06
0.0810185	1.06686e+06
0.0925926	1.06593e+06
0.104167	1.06488e+06
0.115741	1.06372e+06
0.127315	1.06245e+06
0.138889	1.06107e+06
0.150463	1.05958e+06
0.162037	1.05799e+06
0.173611	1.05628e+06
0.185185	1.05446e+06
0.196759	1.05254e+06
0.208333	1.05051e+06
0.219907	1.04836e+06
0.231481	1.04611e+06
0.243056	1.04376e+06
0.25463	1.04129e+06
0.266204	1.03872e+06
0.277778	1.03604e+06
0.289352	1.03325e+06
0.300926	1.03035e+06
0.3125	1.02735e+06
0.324074	1.02424e+06
0.335648	1.02103e+06
0.347222	1.01771e+06
0.358796	1.01429e+06
0.37037	1.01076e+06
0.381944	1.00713e+06
0.393519	1.00339e+06
0.405093	999553
0.416667	995610
0.428241	991563
0.439815	987415
0.451389	983164
0.462963	978812
0.474537	974359
0.486111	969805
0.497685	965151
0.509259	960398
0.520833	955545
0.532407	950593
0.543981	945544
0.555556	940397
0.56713	935152
0.578704	929811
0.590278	924374
0.601852	918842
0.613426	913215
0.625	907493
0.636574	901678
0.648148	895770
0.659722	889769
0.671296	883676
0.68287	877492
0.694444	871218
0.706019	864853
0.717593	858400
0.729167	851857
0.740741	845227
0.752315	838510
0.763889	831706
0.775463	824816
0.787037	817841
0.798611	810781
0.810185	803638
0.821759	796412
0.833333	789103
0.844907	781713
0.856481	774243
0.868056	766693
0.87963	759063
0.891204	751355
0.902778	743570
0.914352	735708
0.925926	727769
0.9375	719756
0.949074	711669
0.960648	703508
0.972222	695274
0.983796	686969
0.99537	678593
1.00694	670147
1.01852	661631
1.03009	653048
1.04167	644397
1.05324	635679
1.06481	626896
1.07639	618048
1.08796	609137
1.09954	600162
1.11111	591126
1.12269	582029
1.13426	572872
1.14583	563655
1.15741	554381
1.16898	545049
1.18056	535661
1.19213	526218
1.2037	516720
1.21528	507169
1.22685	497566
1.23843	487912
1.25	478207
1.26157	468453
1.27315	458650
1.28472	448801
1.2963	438905
1.30787	428963
1.31944	418978
1.33102	408949
1.34259	398878
1.35417	388766
1.36574	378614
1.37731	368423
1.38889	358194
1.40046	347928
1.41204	337626
1.42361	327289
1.43519	316919
1.44676	306516
1.45833	296081
1.46991	285616
1.48148	275121
1.49306	264598
1.50463	254047
1.5162	243471
1.52778	232869
1.53935	222243
1.55093	211595
1.5625	200925
1.57407	190233
1.58565	179523
1.59722	168794
1.6088	158047
1.62037	147284
1.63194	136506
1.64352	125714
1.65509	114909
1.66667	104092
1.67824	93264.3
1.68981	82427.1
1.70139	71581.4
1.71296	60728.2
1.72454	49868.9
1.73611	39004.3
1.74769	28135.8
1.75926	17264.4
1.77083	6391.17
1.78241	-4482.69
1.79398	-15356.1
1.80556	-26227.9
1.81713	-37097
1.8287	-47962.3
1.84028	-58822.7
1.85185	-69677
1.86343	-80524.1
1.875	-91363
1.88657	-102192
1.89815	-113011
1.90972	-123819
1.9213	-134613
1.93287	-145394
1.94444	-156159
1.95602	-166909
1.96759	-177641
1.97917	-188355
1.99074	-199050
2.00231	-209724
2.01389	-220377
2.02546	-231007
2.03704	-241613
2.04861	-252194
2.06019	-262750
2.07176	-273278
2.08333	-283778
2.09491	-294249
2.10648	-304690
2.11806	-315099
2.12963	-325476
2.1412	-335819
2.15278	-346128
2.16435	-356401
2.17593	-366637
2.1875	-376836
2.19907	-386996
2.21065	-397116
2.22222	-407195
2.2338	-417233
2.24537	-427227
2.25694	-437177
2.26852	-447083
2.28009	-456942
2.29167	-466755
2.30324	-476519
2.31481	-486234
2.32639	-495900
2.33796	-505514
2.34954	-515076
2.36111	-524586
2.37269	-534041
2.38426	-543441
2.39583	-552786
2.40741	-562073
2.41898	-571303
2.43056	-580474
2.44213	-589585
2.4537	-598636
2.46528	-607625
2.47685	-616552
2.48843	-625415
2.5	-634214
2.51157	-642947
2.52315	-651615
2.53472	-660215
2.5463	-668748
2.55787	-677211
2.56944	-685606
2.58102	-693929
2.59259	-702181
2.60417	-710361
2.61574	-718468
2.62731	-726501
2.63889	-734460
2.65046	-742343
2.66204	-750149
2.67361	-757879
2.68519	-765530
2.69676	-773103
2.70833	-780596
2.71991	-788009
2.73148	-795341
2.74306	-802591
2.75463	-809759
2.7662	-816843
2.77778	-823844
2.78935	-830760
2.80093	-837590
2.8125	-844334
2.82407	-850992
2.83565	-857562
2.84722	-864043
2.8588	-870436
2.87037	-876740
2.88194	-882953
2.89352	-889076
2.90509	-895107
2.91667	-901046
2.92824	-906893
2.93981	-912646
2.95139	-918306
2.96296	-923871
2.97454	-929341
2.98611	-934716
2.99769	-939995
3.00926	-945177
3.02083	-950262
3.03241	-955249
3.04398	-960138
3.05556	-964928
3.06713	-969620
3.0787	-974211
3.09028	-978703
3.10185	-983094
3.11343	-987383
3.125	-991572
3.13657	-995658
3.14815	-999643
3.15972	-1.00352e+06
3.1713	-1.0073e+06
3.18287	-1.01098e+06
3.19444	-1.01455e+06
3.20602	-1.01801e+06
3.21759	-1.02138e+06
3.22917	-1.02463e+06
3.24074	-1.02779e+06
3.25231	-1.03083e+06
3.26389	-1.03377e+06
3.27546	-1.03661e+06
3.28704	-1.03933e+06
3.29861	-1.04195e+06
3.31019	-1.04447e+06
3.32176	-1.04687e+06
3.33333	-1.04917e+06
3.34491	-1.05136e+06
3.35648	-1.05345e+06
3.36806	-1.05542e+06
3.37963	-1.05729e+06
3.3912	-1.05905e+06
3.40278	-1.06069e+06
3.41435	-1.06223e+06
3.42593	-1.06367e+06
3.4375	-1.06499e+06
3.44907	-1.0662e+06
3.46065	-1.0673e+06
3.47222	-1.06829e+06
3.4838	-1.06918e+06
3.49537	-1.06995e+06
3.50694	-1.07061e+06
3.51852	-1.07117e+06
3.53009	-1.07161e+06
3.54167	-1.07194e+06
3.55324	-1.07217e+06
3.56481	-1.07228e+06
3.57639	-1.07228e+06
3.58796	-1.07217e+06
3.59954	-1.07196e+06
3.61111	-1.07163e+06
3.62269	-1.07119e+06
3.63426	-1.07064e+06
3.64583	-1.06998e+06
3.65741	-1.06922e+06
3.66898	-1.06834e+06
3.68056	-1.06735e+06
3.69213	-1.06625e+06
3.7037	-1.06505e+06
3.71528	-1.06373e+06
3.72685	-1.06231e+06
3.73843	-1.06077e+06
3.75	-1.05913e+06
3.76157	-1.05737e+06
3.77315	-1.05551e+06
3.78472	-1.05354e+06
3.7963	-1.05147e+06
3.80787	-1.04928e+06
3.81944	-1.04699e+06
3.83102	-1.04459e+06
3.84259	-1.04208e+06
3.85417	-1.03946e+06
3.86574	-1.03674e+06
3.87731	-1.03391e+06
3.88889	-1.03097e+06
3.90046	-1.02793e+06
3.91204	-1.02479e+06
3.92361	-1.02153e+06
3.93519	-1.01818e+06
3.94676	-1.01472e+06
3.95833	-1.01115e+06
3.96991	-1.00748e+06
3.98148	-1.00371e+06
3.99306	-999830
4.00463	-995851
4.0162	-991769
4.02778	-987586
4.03935	-983301
4.05093	-978915
4.0625	-974428
4.07407	-969841
4.08565	-965155
4.09722	-960369
4.1088	-955485
4.12037	-950502
4.13194	-945422
4.14352	-940244
4.15509	-934970
4.16667	-929600
4.17824	-924135
4.18981	-918574
4.20139	-912919
4.21296	-907170
4.22454	-901328
4.23611	-895393
4.24769	-889366
4.25926	-883248
4.27083	-877039
4.28241	-870739
4.29398	-864351
4.30556	-857873
4.31713	-851307
4.3287	-844654
4.34028	-837914
4.35185	-831088
4.36343	-824176
4.375	-817180
4.38657	-810099
4.39815	-802935
4.40972	-795689
4.4213	-788361
4.43287	-780952
4.44444	-773462
4.45602	-765893
4.46759	-758246
4.47917	-750520
4.49074	-742717
4.50231	-734838
4.51389	-726883
4.52546	-718854
4.53704	-710750
4.54861	-702574
4.56019	-694325
4.57176	-686005
4.58333	-677614
4.59491	-669153
4.60648	-660624
4.61806	-652027
4.62963	-643363
4.6412	-634632
4.65278	-625836
4.66435	-616976
4.67593	-608053
4.6875	-599067
4.69907	-590019
4.71065	-580911
4.72222	-571742
4.7338	-562515
4.74537	-553231
4.75694	-543889
4.76852	-534491
4.78009	-525038
4.79167	-515532
4.80324	-505972
4.81481	-496360
4.82639	-486697
4.83796	-476984
4.84954	-467222
4.86111	-457412
4.87269	-447555
4.88426	-437651
4.89583	-427703
4.90741	-417711
4.91898	-407676
4.93056	-397598
4.94213	-387480
4.9537	-377322
4.96528	-367125
4.97685	-356891
4.98843	-346619
5	-336312
5.01157	-325970
5.02315	-315595
5.03472	-305187
5.0463	-294748
5.05787	-284279
5.06944	-273780
5.08102	-263253
5.09259	-252699
5.10417	-242119
5.11574	-231514
5.12731	-220885
5.13889	-210234
5.15046	-199560
5.16204	-188867
5.17361	-178153
5.18519	-167422
5.19676	-156673
5.20833	-145908
5.21991	-135128
5.23148	-124334
5.24306	-113528
5.25463	-102709
5.2662	-91880.3
5.27778	-81041.9
5.28935	-70195.2
5.30093	-59341.2
5.3125	-48481.1
5.32407	-37616
5.33565	-26747
5.34722	-15875.3
5.3588	-5001.94
5.37037	5871.93
5.38194	16745.2
5.39352	27616.7
5.40509	38485.4
5.41667	49350.2
5.42824	60209.8
5.43981	71063.2
5.45139	81909.4
5.46296	92747
5.47454	103575
5.48611	114393
5.49769	125198
5.50926	135991
5.52083	146770
5.53241	157533
5.54398	168281
5.55556	179011
5.56713	189722
5.5787	200414
5.59028	211086
5.60185	221735
5.61343	232362
5.625	242965
5.63657	253543
5.64815	264095
5.65972	274619
5.6713	285115
5.68287	295582
5.69444	306018
5.70602	316423
5.71759	326795
5.72917	337133
5.74074	347437
5.75231	357705
5.76389	367935
5.77546	378128
5.78704	388282
5.79861	398396
5.81019	408469
5.82176	418500
5.83333	428488
5.84491	438431
5.85648	448329
5.86806	458181
5.87963	467986
5.8912	477742
5.90278	487449
5.91435	497106
5.92593	506712
5.9375	516265
5.94907	525765
5.96065	535211
5.97222	544602
5.9838	553936
5.99537	563214
6.00694	572433
6.01852	581593
6.03009	590693
6.04167	599732
6.05324	608710
6.06481	617624
6.07639	626475
6.08796	635261
6.09954	643982
6.11111	652636
6.12269	661223
6.13426	669742
6.14583	678191
6.15741	686571
6.16898	694879
6.18056	703116
6.19213	711281
6.2037	719372
6.21528	727388
6.22685	735330
6.23843	743196
6.25	750985
6.26157	758697
6.27315	766330
6.28472	773884
6.2963	781359
6.30787	788752
6.31944	796065
6.33102	803295
6.34259	810442
6.35417	817505
6.36574	824484
6.37731	831378
6.38889	838187
6.40046	844908
6.41204	851543
6.42361	858089
6.43519	864547
6.44676	870916
6.45833	877195
6.46991	883383
6.48148	889480
6.49306	895485
6.50463	901398
6.5162	907218
6.52778	912944
6.53935	918575
6.55093	924112
6.5625	929554
6.57407	934899
6.58565	940148
6.59722	945300
6.6088	950354
6.62037	955311
6.63194	960168
6.64352	964926
6.65509	969585
6.66667	974144
6.67824	978602
6.68981	982959
6.70139	987214
6.71296	991368
6.72454	995419
6.73611	999367
6.74769	1.00321e+06
6.75926	1.00695e+06
6.77083	1.01059e+06
6.78241	1.01412e+06
6.79398	1.01755e+06
6.80556	1.02088e+06
6.81713	1.02409e+06
6.8287	1.02721e+06
6.84028	1.03021e+06
6.85185	1.03311e+06
6.86343	1.0359e+06
6.875	1.03859e+06
6.88657	1.04117e+06
6.89815	1.04364e+06
6.90972	1.046e+06
6.9213	1.04826e+06
6.93287	1.05041e+06
6.94444	1.05244e+06
6.95602	1.05437e+06
6.96759	1.05619e+06
6.97917	1.05791e+06
6.99074	1.05951e+06
7.00231	1.061e+06
7.01389	1.06239e+06
7.02546	1.06366e+06
7.03704	1.06482e+06
7.04861	1.06588e+06
7.06019	1.06682e+06
7.07176	1.06766e+06
7.08333	1.06838e+06
7.09491	1.06899e+06
7.10648	1.06949e+06
7.11806	1.06989e+06
7.12963	1.07017e+06
7.1412	1.07034e+06
7.15278	1.0704e+06
7.16435	1.07035e+06
7.17593	1.07019e+06
7.1875	1.06992e+06
7.19907	1.06954e+06
7.21065	1.06904e+06
7.22222	1.06844e+06
7.2338	1.06773e+06
7.24537	1.06691e+06
7.25694	1.06597e+06
7.26852	1.06493e+06
7.28009	1.06378e+06
7.29167	1.06251e+06
7.30324	1.06114e+06
7.31481	1.05966e+06
7.32639	1.05806e+06
7.33796	1.05636e+06
7.34954	1.05455e+06
7.36111	1.05263e+06
7.37269	1.05061e+06
7.38426	1.04847e+06
7.39583	1.04622e+06
7.40741	1.04387e+06
7.41898	1.04141e+06
7.43056	1.03884e+06
7.44213	1.03617e+06
7.4537	1.03338e+06
7.46528	1.03049e+06
7.47685	1.0275e+06
7.48843	1.0244e+06
7.5	1.02119e+06
7.51157	1.01787e+06
7.52315	1.01446e+06
7.53472	1.01093e+06
7.5463	1.00731e+06
7.55787	1.00357e+06
7.56944	999739
7.58102	995800
7.59259	991759
7.60417	987615
7.61574	983369
7.62731	979022
7.63889	974574
7.65046	970025
7.66204	965376
7.67361	960627
7.68519	955779
7.69676	950832
7.70833	945787
7.71991	940645
7.73148	935405
7.74306	930068
7.75463	924636
7.7662	919108
7.77778	913486
7.78935	907769
7.80093	901958
7.8125	896054
7.82407	890058
7.83565	883969
7.84722	877790
7.8588	871520
7.87037	865159
7.88194	858710
7.89352	852172
7.90509	845546
7.91667	838832
7.92824	832032
7.93981	825147
7.95139	818176
7.96296	811120
7.97454	803981
7.98611	796759
7.99769	789454
8.00926	782068
8.02083	774602
8.03241	767055
8.04398	759429
8.05556	751725
8.06713	743943
8.0787	736085
8.09028	728150
8.10185	720141
8.11343	712057
8.125	703899
8.13657	695669
8.14815	687367
8.15972	678994
8.1713	670552
8.18287	662039
8.19444	653459
8.20602	644811
8.21759	636097
8.22917	627317
8.24074	618472
8.25231	609564
8.26389	600592
8.27546	591559
8.28704	582465
8.29861	573310
8.31019	564097
8.32176	554825
8.33333	545496
8.34491	536110
8.35648	526670
8.36806	517175
8.37963	507627
8.3912	498026
8.40278	488374
8.41435	478671
8.42593	468920
8.4375	459120
8.44907	449272
8.46065	439378
8.47222	429439
8.4838	419456
8.49537	409429
8.50694	399360
8.51852	389250
8.53009	379100
8.54167	368911
8.55324	358683
8.56481	348419
8.57639	338119
8.58796	327784
8.59954	317415
8.61111	307013
8.62269	296580
8.63426	286116
8.64583	275623
8.65741	265101
8.66898	254552
8.68056	243976
8.69213	233376
8.7037	222751
8.71528	212104
8.72685	201435
8.73843	190744
8.75	180035
8.76157	169306
8.77315	158561
8.78472	147798
8.7963	137021
8.80787	126230
8.81944	115425
8.83102	104609
8.84259	93781.6
8.85417	82944.8
8.86574	72099.4
8.87731	61246.6
8.88889	50387.5
8.90046	39523.3
8.91204	28654.9
8.92361	17783.6
8.93519	6910.42
8.94676	-3963.44
8.95833	-14836.9
8.96991	-25708.8
8.98148	-36578.1
8.99306	-47443.6
9.00463	-58304.2
9.0162	-69158.8
9.02778	-80006.3
9.03935	-90845.6
9.05093	-101675
9.0625	-112495
9.07407	-123303
9.08565	-134098
9.09722	-144879
9.1088	-155646
9.12037	-166396
9.13194	-177129
9.14352	-187844
9.15509	-198540
9.16667	-209215
9.17824	-219869
9.18981	-230500
9.20139	-241107
9.21296	-251690
9.22454	-262246
9.23611	-272776
9.24769	-283277
9.25926	-293750
9.27083	-304192
9.28241	-314603
9.29398	-324981
9.30556	-335326
9.31713	-345636
9.3287	-355911
9.34028	-366149
9.35185	-376350
9.36343	-386512
9.375	-396634
9.38657	-406715
9.39815	-416754
9.40972	-426751
9.4213	-436703
9.43287	-446611
9.44444	-456473
9.45602	-466287
9.46759	-476054
9.47917	-485772
9.49074	-495439
9.50231	-505056
9.51389	-514621
9.52546	-524133
9.53704	-533591
9.54861	-542994
9.56019	-552341
9.57176	-561631
9.58333	-570864
9.59491	-580038
9.60648	-589152
9.61806	-598205
9.62963	-607197
9.6412	-616127
9.65278	-624993
9.66435	-633795
9.67593	-642532
9.6875	-651202
9.69907	-659806
9.71065	-668342
9.72222	-676809
9.7338	-685206
9.74537	-693533
9.75694	-701789
9.76852	-709972
9.78009	-718083
9.79167	-726120
9.80324	-734082
9.81481	-741968
9.82639	-749778
9.83796	-757511
9.84954	-765166
9.86111	-772743
9.87269	-780240
9.88426	-787657
9.89583	-794993
9.90741	-802247
9.91898	-809419
9.93056	-816507
9.94213	-823511
9.9537	-830431
9.96528	-837266
9.97685	-844014
9.98843	-850676
10	-857250
10.0116	-863736
10.0231	-870133
10.0347	-876441
10.0463	-882659
10.0579	-888786
10.0694	-894821
10.081	-900765
10.0926	-906616
10.1042	-912374
10.1157	-918038
10.1273	-923608
10.1389	-929082
10.1505	-934462
10.162	-939745
10.1736	-944932
10.1852	-950021
10.1968	-955013
10.2083	-959907
10.2199	-964702
10.2315	-969398
10.2431	-973994
10.2546	-978491
10.2662	-982886
10.2778	-987181
10.2894	-991374
10.3009	-995466
10.3125	-999455
10.3241	-1.00334e+06
10.3356	-1.00712e+06
10.3472	-1.0108e+06
10.3588	-1.01438e+06
10.3704	-1.01785e+06
10.3819	-1.02122e+06
10.3935	-1.02448e+06
10.4051	-1.02764e+06
10.4167	-1.03069e+06
10.4282	-1.03363e+06
10.4398	-1.03647e+06
10.4514	-1.03921e+06
10.463	-1.04183e+06
10.4745	-1.04435e+06
10.4861	-1.04676e+06
10.4977	-1.04907e+06
10.5093	-1.05126e+06
10.5208	-1.05335e+06
10.5324	-1.05533e+06
10.544	-1.0572e+06
10.5556	-1.05896e+06
10.5671	-1.06062e+06
10.5787	-1.06216e+06
10.5903	-1.0636e+06
10.6019	-1.06493e+06
10.6134	-1.06614e+06
10.625	-1.06725e+06
10.6366	-1.06825e+06
10.6481	-1.06914e+06
10.6597	-1.06992e+06
10.6713	-1.07058e+06
10.6829	-1.07114e+06
10.6944	-1.07159e+06
10.706	-1.07193e+06
10.7176	-1.07216e+06
10.7292	-1.07228e+06
10.7407	-1.07228e+06
10.7523	-1.07218e+06
10.7639	-1.07197e+06
10.7755	-1.07165e+06
10.787	-1.07121e+06
10.7986	-1.07067e+06
10.8102	-1.07002e+06
10.8218	-1.06926e+06
10.8333	-1.06838e+06
10.8449	-1.0674e+06
10.8565	-1.06631e+06
10.8681	-1.06511e+06
10.8796	-1.0638e+06
10.8912	-1.06238e+06
10.9028	-1.06085e+06
10.9144	-1.05921e+06
10.9259	-1.05746e+06
10.9375	-1.05561e+06
10.9491	-1.05364e+06
10.9606	-1.05157e+06
10.9722	-1.04939e+06
10.9838	-1.0471e+06
10.9954	-1.0447e+06
11.0069	-1.0422e+06
11.0185	-1.03959e+06
11.0301	-1.03687e+06
11.0417	-1.03405e+06
11.0532	-1.03112e+06
11.0648	-1.02808e+06
11.0764	-1.02494e+06
11.088	-1.02169e+06
11.0995	-1.01834e+06
11.1111	-1.01488e+06
11.1227	-1.01132e+06
11.1343	-1.00766e+06
11.1458	-1.00389e+06
11.1574	-1.00002e+06
11.169	-996043
11.1806	-991967
11.1921	-987788
11.2037	-983508
11.2153	-979126
11.2269	-974645
11.2384	-970063
11.25	-965381
11.2616	-960600
11.2731	-955720
11.2847	-950742
11.2963	-945667
11.3079	-940494
11.3194	-935224
11.331	-929859
11.3426	-924398
11.3542	-918842
11.3657	-913191
11.3773	-907446
11.3889	-901609
11.4005	-895678
11.412	-889656
11.4236	-883542
11.4352	-877337
11.4468	-871042
11.4583	-864658
11.4699	-858184
11.4815	-851623
11.4931	-844974
11.5046	-838238
11.5162	-831416
11.5278	-824508
11.5394	-817516
11.5509	-810439
11.5625	-803279
