0	3.38449e+18
0.0115741	3.38044e+18
0.0231481	3.37373e+18
0.0347222	3.36439e+18
0.0462963	3.35247e+18
0.0578704	3.33806e+18
0.0694444	3.32124e+18
0.0810185	3.30211e+18
0.0925926	3.28077e+18
0.104167	3.25735e+18
0.115741	3.23199e+18
0.127315	3.20481e+18
0.138889	3.17595e+18
0.150463	3.14558e+18
0.162037	3.11383e+18
0.173611	3.08085e+18
0.185185	3.0468e+18
0.196759	3.01182e+18
0.208333	2.97606e+18
0.219907	2.93967e+18
0.231481	2.90278e+18
0.243056	2.86553e+18
0.25463	2.82805e+18
0.266204	2.79045e+18
0.277778	2.75286e+18
0.289352	2.71539e+18
0.300926	2.67815e+18
0.3125	2.64122e+18
0.324074	2.60469e+18
0.335648	2.56866e+18
0.347222	2.53321e+18
0.358796	2.49839e+18
0.37037	2.46428e+18
0.381944	2.43094e+18
0.393519	2.39843e+18
0.405093	2.36679e+18
0.416667	2.33607e+18
0.428241	2.30631e+18
0.439815	2.27755e+18
0.451389	2.24983e+18
0.462963	2.22317e+18
0.474537	2.1976e+18
0.486111	2.17315e+18
0.497685	2.14985e+18
0.509259	2.12771e+18
0.520833	2.10676e+18
0.532407	2.08701e+18
0.543981	2.06849e+18
0.555556	2.0512e+18
0.56713	2.03517e+18
0.578704	2.02042e+18
0.590278	2.00695e+18
0.601852	1.99479e+18
0.613426	1.98395e+18
0.625	1.97444e+18
0.636574	1.96629e+18
0.648148	1.9595e+18
0.659722	1.9541e+18
0.671296	1.95011e+18
0.68287	1.94752e+18
0.694444	1.94638e+18
0.706019	1.94669e+18
0.717593	1.94846e+18
0.729167	1.95172e+18
0.740741	1.95648e+18
0.752315	1.96275e+18
0.763889	1.97054e+18
0.775463	1.97987e+18
0.787037	1.99074e+18
0.798611	2.00315e+18
0.810185	2.01711e+18
0.821759	2.0326e+18
0.833333	2.04962e+18
0.844907	2.06813e+18
0.856481	2.08812e+18
0.868056	2.10953e+18
0.87963	2.13232e+18
0.891204	2.15643e+18
0.902778	2.18176e+18
0.914352	2.20822e+18
0.925926	2.2357e+18
0.9375	2.26405e+18
0.949074	2.29312e+18
0.960648	2.32272e+18
0.972222	2.35266e+18
0.983796	2.38269e+18
0.99537	2.41258e+18
1.00694	2.44203e+18
1.01852	2.47077e+18
1.03009	2.49846e+18
1.04167	2.5248e+18
1.05324	2.54943e+18
1.06481	2.57203e+18
1.07639	2.59224e+18
1.08796	2.60974e+18
1.09954	2.62422e+18
1.11111	2.6354e+18
1.12269	2.64303e+18
1.13426	2.64688e+18
1.14583	2.6468e+18
1.15741	2.64268e+18
1.16898	2.63444e+18
1.18056	2.62211e+18
1.19213	2.60572e+18
1.2037	2.58539e+18
1.21528	2.56128e+18
1.22685	2.5336e+18
1.23843	2.50259e+18
1.25	2.46853e+18
1.26157	2.43173e+18
1.27315	2.39251e+18
1.28472	2.35118e+18
1.2963	2.30809e+18
1.30787	2.26356e+18
1.31944	2.2179e+18
1.33102	2.17141e+18
1.34259	2.12437e+18
1.35417	2.07705e+18
1.36574	2.02968e+18
1.37731	1.98247e+18
1.38889	1.93562e+18
1.40046	1.8893e+18
1.41204	1.84363e+18
1.42361	1.79876e+18
1.43519	1.75478e+18
1.44676	1.71177e+18
1.45833	1.6698e+18
1.46991	1.62892e+18
1.48148	1.58917e+18
1.49306	1.55057e+18
1.50463	1.51314e+18
1.5162	1.47689e+18
1.52778	1.44182e+18
1.53935	1.40791e+18
1.55093	1.37515e+18
1.5625	1.34353e+18
1.57407	1.31302e+18
1.58565	1.28361e+18
1.59722	1.25525e+18
1.6088	1.22793e+18
1.62037	1.2016e+18
1.63194	1.17626e+18
1.64352	1.15185e+18
1.65509	1.12835e+18
1.66667	1.10573e+18
1.67824	1.08396e+18
1.68981	1.06301e+18
1.70139	1.04285e+18
1.71296	1.02344e+18
1.72454	1.00476e+18
1.73611	9.86787e+17
1.74769	9.69487e+17
1.75926	9.52836e+17
1.77083	9.3681e+17
1.78241	9.21385e+17
1.79398	9.06537e+17
1.80556	8.92244e+17
1.81713	8.78485e+17
1.8287	8.6524e+17
1.84028	8.52489e+17
1.85185	8.40214e+17
1.86343	8.28397e+17
1.875	8.17021e+17
1.88657	8.0607e+17
1.89815	7.95528e+17
1.90972	7.85381e+17
1.9213	7.75615e+17
1.93287	7.66217e+17
1.94444	7.57173e+17
1.95602	7.48473e+17
1.96759	7.40103e+17
1.97917	7.32055e+17
1.99074	7.24316e+17
2.00231	7.16878e+17
2.01389	7.09731e+17
2.02546	7.02866e+17
2.03704	6.96275e+17
2.04861	6.89951e+17
2.06019	6.83885e+17
2.07176	6.7807e+17
2.08333	6.725e+17
2.09491	6.67169e+17
2.10648	6.62071e+17
2.11806	6.57199e+17
2.12963	6.52549e+17
2.1412	6.48116e+17
2.15278	6.43896e+17
2.16435	6.39883e+17
2.17593	6.36074e+17
2.1875	6.32465e+17
2.19907	6.29053e+17
2.21065	6.25834e+17
2.22222	6.22805e+17
2.2338	6.19965e+17
2.24537	6.17309e+17
2.25694	6.14837e+17
2.26852	6.12546e+17
2.28009	6.10435e+17
2.29167	6.08501e+17
2.30324	6.06744e+17
2.31481	6.05163e+17
2.32639	6.03756e+17
2.33796	6.02523e+17
2.34954	6.01465e+17
2.36111	6.00579e+17
2.37269	5.99868e+17
2.38426	5.9933e+17
2.39583	5.98967e+17
2.40741	5.98779e+17
2.41898	5.98767e+17
2.43056	5.98932e+17
2.44213	5.99275e+17
2.4537	5.99799e+17
2.46528	6.00505e+17
2.47685	6.01395e+17
2.48843	6.02471e+17
2.5	6.03737e+17
2.51157	6.05195e+17
2.52315	6.06848e+17
2.53472	6.08699e+17
2.5463	6.10753e+17
2.55787	6.13014e+17
2.56944	6.15485e+17
2.58102	6.18171e+17
2.59259	6.21078e+17
2.60417	6.2421e+17
2.61574	6.27574e+17
2.62731	6.31175e+17
2.63889	6.3502e+17
2.65046	6.39115e+17
2.66204	6.43469e+17
2.67361	6.48088e+17
2.68519	6.5298e+17
2.69676	6.58155e+17
2.70833	6.63622e+17
2.71991	6.69389e+17
2.73148	6.75467e+17
2.74306	6.81868e+17
2.75463	6.88602e+17
2.7662	6.95681e+17
2.77778	7.03117e+17
2.78935	7.10925e+17
2.80093	7.19118e+17
2.8125	7.2771e+17
2.82407	7.36717e+17
2.83565	7.46154e+17
2.84722	7.5604e+17
2.8588	7.66391e+17
2.87037	7.77227e+17
2.88194	7.88566e+17
2.89352	8.00429e+17
2.90509	8.12837e+17
2.91667	8.25812e+17
2.92824	8.39378e+17
2.93981	8.53557e+17
2.95139	8.68376e+17
2.96296	8.83858e+17
2.97454	9.00032e+17
2.98611	9.16924e+17
2.99769	9.34561e+17
3.00926	9.52974e+17
3.02083	9.7219e+17
3.03241	9.92238e+17
3.04398	1.01315e+18
3.05556	1.03495e+18
3.06713	1.05768e+18
3.0787	1.08135e+18
3.09028	1.106e+18
3.10185	1.13166e+18
3.11343	1.15834e+18
3.125	1.18607e+18
3.13657	1.21487e+18
3.14815	1.24475e+18
3.15972	1.27572e+18
3.1713	1.30779e+18
3.18287	1.34095e+18
3.19444	1.37519e+18
3.20602	1.41049e+18
3.21759	1.44682e+18
3.22917	1.48413e+18
3.24074	1.52237e+18
3.25231	1.56145e+18
3.26389	1.6013e+18
3.27546	1.6418e+18
3.28704	1.68281e+18
3.29861	1.72419e+18
3.31019	1.76576e+18
3.32176	1.80732e+18
3.33333	1.84865e+18
3.34491	1.88949e+18
3.35648	1.92959e+18
3.36806	1.96864e+18
3.37963	2.00636e+18
3.3912	2.04241e+18
3.40278	2.07647e+18
3.41435	2.1082e+18
3.42593	2.13729e+18
3.4375	2.1634e+18
3.44907	2.18626e+18
3.46065	2.20557e+18
3.47222	2.22112e+18
3.4838	2.23269e+18
3.49537	2.24014e+18
3.50694	2.24338e+18
3.51852	2.24236e+18
3.53009	2.23709e+18
3.54167	2.22764e+18
3.55324	2.21414e+18
3.56481	2.19675e+18
3.57639	2.1757e+18
3.58796	2.15124e+18
3.59954	2.12365e+18
3.61111	2.09324e+18
3.62269	2.06033e+18
3.63426	2.02526e+18
3.64583	1.98834e+18
3.65741	1.94992e+18
3.66898	1.9103e+18
3.68056	1.86978e+18
3.69213	1.82864e+18
3.7037	1.78714e+18
3.71528	1.74551e+18
3.72685	1.70397e+18
3.73843	1.6627e+18
3.75	1.62188e+18
3.76157	1.58163e+18
3.77315	1.54209e+18
3.78472	1.50335e+18
3.7963	1.46551e+18
3.80787	1.42861e+18
3.81944	1.39272e+18
3.83102	1.35788e+18
3.84259	1.32411e+18
3.85417	1.29142e+18
3.86574	1.25983e+18
3.87731	1.22933e+18
3.88889	1.19992e+18
3.90046	1.17158e+18
3.91204	1.1443e+18
3.92361	1.11807e+18
3.93519	1.09285e+18
3.94676	1.06861e+18
3.95833	1.04535e+18
3.96991	1.02302e+18
3.98148	1.00159e+18
3.99306	9.81047e+17
4.00463	9.61349e+17
4.0162	9.4247e+17
4.02778	9.2438e+17
4.03935	9.07051e+17
4.05093	8.90454e+17
4.0625	8.74562e+17
4.07407	8.59348e+17
4.08565	8.44785e+17
4.09722	8.3085e+17
4.1088	8.17516e+17
4.12037	8.04761e+17
4.13194	7.92563e+17
4.14352	7.80899e+17
4.15509	7.69749e+17
4.16667	7.59092e+17
4.17824	7.48911e+17
4.18981	7.39186e+17
4.20139	7.299e+17
4.21296	7.21037e+17
4.22454	7.12581e+17
4.23611	7.04517e+17
4.24769	6.96831e+17
4.25926	6.89508e+17
4.27083	6.82537e+17
4.28241	6.75905e+17
4.29398	6.696e+17
4.30556	6.63611e+17
4.31713	6.57927e+17
4.3287	6.5254e+17
4.34028	6.47439e+17
4.35185	6.42615e+17
4.36343	6.38061e+17
4.375	6.33767e+17
4.38657	6.29728e+17
4.39815	6.25935e+17
4.40972	6.22381e+17
4.4213	6.19062e+17
4.43287	6.1597e+17
4.44444	6.131e+17
4.45602	6.10448e+17
4.46759	6.08007e+17
4.47917	6.05775e+17
4.49074	6.03746e+17
4.50231	6.01916e+17
4.51389	6.00283e+17
4.52546	5.98842e+17
4.53704	5.97591e+17
4.54861	5.96527e+17
4.56019	5.95647e+17
4.57176	5.94949e+17
4.58333	5.94431e+17
4.59491	5.94091e+17
4.60648	5.93928e+17
4.61806	5.93941e+17
4.62963	5.94128e+17
4.6412	5.94488e+17
4.65278	5.95021e+17
4.66435	5.95727e+17
4.67593	5.96604e+17
4.6875	5.97654e+17
4.69907	5.98877e+17
4.71065	6.00272e+17
4.72222	6.01841e+17
4.7338	6.03585e+17
4.74537	6.05504e+17
4.75694	6.076e+17
4.76852	6.09875e+17
4.78009	6.1233e+17
4.79167	6.14968e+17
4.80324	6.1779e+17
4.81481	6.208e+17
4.82639	6.23999e+17
4.83796	6.27392e+17
4.84954	6.3098e+17
4.86111	6.34769e+17
4.87269	6.38761e+17
4.88426	6.42961e+17
4.89583	6.47373e+17
4.90741	6.52003e+17
4.91898	6.56854e+17
4.93056	6.61932e+17
4.94213	6.67243e+17
4.9537	6.72794e+17
4.96528	6.7859e+17
4.97685	6.84638e+17
4.98843	6.90945e+17
5	6.9752e+17
5.01157	7.04369e+17
5.02315	7.11503e+17
5.03472	7.18929e+17
5.0463	7.26656e+17
5.05787	7.34696e+17
5.06944	7.43058e+17
5.08102	7.51754e+17
5.09259	7.60795e+17
5.10417	7.70193e+17
5.11574	7.79962e+17
5.12731	7.90114e+17
5.13889	8.00664e+17
5.15046	8.11627e+17
5.16204	8.23018e+17
5.17361	8.34855e+17
5.18519	8.47153e+17
5.19676	8.59932e+17
5.20833	8.7321e+17
5.21991	8.87007e+17
5.23148	9.01343e+17
5.24306	9.1624e+17
5.25463	9.3172e+17
5.2662	9.47807e+17
5.27778	9.64525e+17
5.28935	9.81899e+17
5.30093	9.99955e+17
5.3125	1.01872e+18
5.32407	1.03822e+18
5.33565	1.05849e+18
5.34722	1.07956e+18
5.3588	1.10145e+18
5.37037	1.12419e+18
5.38194	1.14783e+18
5.39352	1.17238e+18
5.40509	1.19788e+18
5.41667	1.22436e+18
5.42824	1.25185e+18
5.43981	1.28038e+18
5.45139	1.30997e+18
5.46296	1.34066e+18
5.47454	1.37246e+18
5.48611	1.4054e+18
5.49769	1.43949e+18
5.50926	1.47474e+18
5.52083	1.51116e+18
5.53241	1.54874e+18
5.54398	1.58747e+18
5.55556	1.62734e+18
5.56713	1.66831e+18
5.5787	1.71034e+18
5.59028	1.75336e+18
5.60185	1.79731e+18
5.61343	1.84209e+18
5.625	1.8876e+18
5.63657	1.93368e+18
5.64815	1.98021e+18
5.65972	2.02698e+18
5.6713	2.07381e+18
5.68287	2.12047e+18
5.69444	2.1667e+18
5.70602	2.21224e+18
5.71759	2.2568e+18
5.72917	2.30007e+18
5.74074	2.34173e+18
5.75231	2.38144e+18
5.76389	2.41889e+18
5.77546	2.45374e+18
5.78704	2.48568e+18
5.79861	2.51442e+18
5.81019	2.5397e+18
5.82176	2.56128e+18
5.83333	2.57897e+18
5.84491	2.59265e+18
5.85648	2.60222e+18
5.86806	2.60766e+18
5.87963	2.609e+18
5.8912	2.6063e+18
5.90278	2.59973e+18
5.91435	2.58945e+18
5.92593	2.57571e+18
5.9375	2.55877e+18
5.94907	2.53892e+18
5.96065	2.5165e+18
5.97222	2.49182e+18
5.9838	2.46523e+18
5.99537	2.43706e+18
6.00694	2.40766e+18
6.01852	2.37733e+18
6.03009	2.34639e+18
6.04167	2.31512e+18
6.05324	2.28379e+18
6.06481	2.25262e+18
6.07639	2.22184e+18
6.08796	2.19165e+18
6.09954	2.16221e+18
6.11111	2.13367e+18
6.12269	2.10615e+18
6.13426	2.07976e+18
6.14583	2.0546e+18
6.15741	2.03073e+18
6.16898	2.00822e+18
6.18056	1.9871e+18
6.19213	1.96742e+18
6.2037	1.9492e+18
6.21528	1.93245e+18
6.22685	1.91718e+18
6.23843	1.9034e+18
6.25	1.8911e+18
6.26157	1.88028e+18
6.27315	1.87093e+18
6.28472	1.86304e+18
6.2963	1.85659e+18
6.30787	1.85157e+18
6.31944	1.84796e+18
6.33102	1.84576e+18
6.34259	1.84493e+18
6.35417	1.84546e+18
6.36574	1.84734e+18
6.37731	1.85055e+18
6.38889	1.85508e+18
6.40046	1.8609e+18
6.41204	1.86801e+18
6.42361	1.87639e+18
6.43519	1.88603e+18
6.44676	1.89691e+18
6.45833	1.90903e+18
6.46991	1.92236e+18
6.48148	1.9369e+18
6.49306	1.95264e+18
6.50463	1.96957e+18
6.5162	1.98766e+18
6.52778	2.00693e+18
6.53935	2.02734e+18
6.55093	2.04888e+18
6.5625	2.07155e+18
6.57407	2.09534e+18
6.58565	2.12021e+18
6.59722	2.14616e+18
6.6088	2.17316e+18
6.62037	2.2012e+18
6.63194	2.23024e+18
6.64352	2.26027e+18
6.65509	2.29125e+18
6.66667	2.32315e+18
6.67824	2.35594e+18
6.68981	2.38956e+18
6.70139	2.42397e+18
6.71296	2.45913e+18
6.72454	2.49498e+18
6.73611	2.53145e+18
6.74769	2.56848e+18
6.75926	2.60599e+18
6.77083	2.64391e+18
6.78241	2.68214e+18
6.79398	2.7206e+18
6.80556	2.75919e+18
6.81713	2.79779e+18
6.8287	2.8363e+18
6.84028	2.87459e+18
6.85185	2.91255e+18
6.86343	2.95004e+18
6.875	2.98692e+18
6.88657	3.02306e+18
6.89815	3.0583e+18
6.90972	3.09251e+18
6.9213	3.12552e+18
6.93287	3.15721e+18
6.94444	3.18741e+18
6.95602	3.21597e+18
6.96759	3.24276e+18
6.97917	3.26765e+18
6.99074	3.29048e+18
7.00231	3.31115e+18
7.01389	3.32955e+18
7.02546	3.34556e+18
7.03704	3.35909e+18
7.04861	3.37008e+18
7.06019	3.37846e+18
7.07176	3.38418e+18
7.08333	3.38722e+18
7.09491	3.38755e+18
7.10648	3.38519e+18
7.11806	3.38015e+18
7.12963	3.37248e+18
7.1412	3.36222e+18
7.15278	3.34944e+18
7.16435	3.33423e+18
7.17593	3.31668e+18
7.1875	3.29689e+18
7.19907	3.275e+18
7.21065	3.25112e+18
7.22222	3.2254e+18
7.2338	3.19797e+18
7.24537	3.16898e+18
7.25694	3.13858e+18
7.26852	3.10692e+18
7.28009	3.07415e+18
7.29167	3.04043e+18
7.30324	3.00591e+18
7.31481	2.97073e+18
7.32639	2.93502e+18
7.33796	2.89894e+18
7.34954	2.86262e+18
7.36111	2.82617e+18
7.37269	2.78973e+18
7.38426	2.7534e+18
7.39583	2.71729e+18
7.40741	2.68152e+18
7.41898	2.64616e+18
7.43056	2.61131e+18
7.44213	2.57706e+18
7.4537	2.54348e+18
7.46528	2.51063e+18
7.47685	2.4786e+18
7.48843	2.44742e+18
7.5	2.41717e+18
7.51157	2.38789e+18
7.52315	2.35962e+18
7.53472	2.33242e+18
7.5463	2.30631e+18
7.55787	2.28134e+18
7.56944	2.25753e+18
7.58102	2.23493e+18
7.59259	2.21355e+18
7.60417	2.19343e+18
7.61574	2.17459e+18
7.62731	2.15705e+18
7.63889	2.14083e+18
7.65046	2.12597e+18
7.66204	2.11247e+18
7.67361	2.10036e+18
7.68519	2.08966e+18
7.69676	2.0804e+18
7.70833	2.07258e+18
7.71991	2.06622e+18
7.73148	2.06136e+18
7.74306	2.058e+18
7.75463	2.05616e+18
7.7662	2.05586e+18
7.77778	2.05711e+18
7.78935	2.05994e+18
7.80093	2.06434e+18
7.8125	2.07034e+18
7.82407	2.07795e+18
7.83565	2.08715e+18
7.84722	2.09797e+18
7.8588	2.11038e+18
7.87037	2.12439e+18
7.88194	2.13996e+18
7.89352	2.15709e+18
7.90509	2.17572e+18
7.91667	2.19582e+18
7.92824	2.21732e+18
7.93981	2.24015e+18
7.95139	2.26422e+18
7.96296	2.28942e+18
7.97454	2.31561e+18
7.98611	2.34266e+18
7.99769	2.37039e+18
8.00926	2.39861e+18
8.02083	2.4271e+18
8.03241	2.45562e+18
8.04398	2.4839e+18
8.05556	2.51165e+18
8.06713	2.53858e+18
8.0787	2.56436e+18
8.09028	2.58865e+18
8.10185	2.61112e+18
8.11343	2.63141e+18
8.125	2.64921e+18
8.13657	2.66418e+18
8.14815	2.67602e+18
8.15972	2.68446e+18
8.1713	2.68927e+18
8.18287	2.69026e+18
8.19444	2.68728e+18
8.20602	2.68024e+18
8.21759	2.66912e+18
8.22917	2.65393e+18
8.24074	2.63476e+18
8.25231	2.61175e+18
8.26389	2.58507e+18
8.27546	2.55495e+18
8.28704	2.52166e+18
8.29861	2.48548e+18
8.31019	2.44672e+18
8.32176	2.40571e+18
8.33333	2.36279e+18
8.34491	2.31826e+18
8.35648	2.27247e+18
8.36806	2.22571e+18
8.37963	2.17827e+18
8.3912	2.13043e+18
8.40278	2.08244e+18
8.41435	2.03452e+18
8.42593	1.98687e+18
8.4375	1.93968e+18
8.44907	1.8931e+18
8.46065	1.84725e+18
8.47222	1.80226e+18
8.4838	1.75821e+18
8.49537	1.71519e+18
8.50694	1.67324e+18
8.51852	1.63242e+18
8.53009	1.59275e+18
8.54167	1.55426e+18
8.55324	1.51695e+18
8.56481	1.48083e+18
8.57639	1.44589e+18
8.58796	1.41212e+18
8.59954	1.37951e+18
8.61111	1.34803e+18
8.62269	1.31767e+18
8.63426	1.28839e+18
8.64583	1.26017e+18
8.65741	1.23297e+18
8.66898	1.20677e+18
8.68056	1.18154e+18
8.69213	1.15724e+18
8.7037	1.13385e+18
8.71528	1.11133e+18
8.72685	1.08964e+18
8.73843	1.06877e+18
8.75	1.04868e+18
8.76157	1.02934e+18
8.77315	1.01072e+18
8.78472	9.92801e+17
8.7963	9.75548e+17
8.80787	9.58938e+17
8.81944	9.42948e+17
8.83102	9.27552e+17
8.84259	9.12728e+17
8.85417	8.98455e+17
8.86574	8.84711e+17
8.87731	8.71477e+17
8.88889	8.58733e+17
8.90046	8.46461e+17
8.91204	8.34643e+17
8.92361	8.23263e+17
8.93519	8.12305e+17
8.94676	8.01754e+17
8.95833	7.91595e+17
8.96991	7.81814e+17
8.98148	7.72398e+17
8.99306	7.63336e+17
9.00463	7.54614e+17
9.0162	7.46223e+17
9.02778	7.3815e+17
9.03935	7.30386e+17
9.05093	7.22922e+17
9.0625	7.15747e+17
9.07407	7.08854e+17
9.08565	7.02235e+17
9.09722	6.95881e+17
9.1088	6.89784e+17
9.12037	6.8394e+17
9.13194	6.78339e+17
9.14352	6.72977e+17
9.15509	6.67848e+17
9.16667	6.62945e+17
9.17824	6.58265e+17
9.18981	6.53802e+17
9.20139	6.49551e+17
9.21296	6.45508e+17
9.22454	6.41669e+17
9.23611	6.38032e+17
9.24769	6.34591e+17
9.25926	6.31344e+17
9.27083	6.28289e+17
9.28241	6.25422e+17
9.29398	6.22742e+17
9.30556	6.20245e+17
9.31713	6.17931e+17
9.3287	6.15797e+17
9.34028	6.13843e+17
9.35185	6.12066e+17
9.36343	6.10466e+17
9.375	6.09042e+17
9.38657	6.07793e+17
9.39815	6.0672e+17
9.40972	6.05822e+17
9.4213	6.05099e+17
9.43287	6.04552e+17
9.44444	6.04181e+17
9.45602	6.03986e+17
9.46759	6.0397e+17
9.47917	6.04132e+17
9.49074	6.04476e+17
9.50231	6.05001e+17
9.51389	6.05711e+17
9.52546	6.06607e+17
9.53704	6.07692e+17
9.54861	6.08969e+17
9.56019	6.10441e+17
9.57176	6.1211e+17
9.58333	6.13981e+17
9.59491	6.16057e+17
9.60648	6.18342e+17
9.61806	6.20842e+17
9.62963	6.2356e+17
9.6412	6.26501e+17
9.65278	6.29672e+17
9.66435	6.33078e+17
9.67593	6.36725e+17
9.6875	6.4062e+17
9.69907	6.4477e+17
9.71065	6.49182e+17
9.72222	6.53864e+17
9.7338	6.58825e+17
9.74537	6.64073e+17
9.75694	6.69617e+17
9.76852	6.75469e+17
9.78009	6.81637e+17
9.79167	6.88133e+17
9.80324	6.94968e+17
9.81481	7.02155e+17
9.82639	7.09707e+17
9.83796	7.17637e+17
9.84954	7.25959e+17
9.86111	7.34688e+17
9.87269	7.43841e+17
9.88426	7.53432e+17
9.89583	7.63481e+17
9.90741	7.74004e+17
9.91898	7.85021e+17
9.93056	7.96552e+17
9.94213	8.08617e+17
9.9537	8.21238e+17
9.96528	8.34437e+17
9.97685	8.48238e+17
9.98843	8.62666e+17
10	8.77744e+17
10.0116	8.935e+17
10.0231	9.0996e+17
10.0347	9.27152e+17
10.0463	9.45103e+17
10.0579	9.63844e+17
10.0694	9.83401e+17
10.081	1.00381e+18
10.0926	1.02509e+18
10.1042	1.04728e+18
10.1157	1.0704e+18
10.1273	1.09449e+18
10.1389	1.11956e+18
10.1505	1.14566e+18
10.162	1.17279e+18
10.1736	1.20098e+18
10.1852	1.23024e+18
10.1968	1.26059e+18
10.2083	1.29204e+18
10.2199	1.32458e+18
10.2315	1.35821e+18
10.2431	1.39291e+18
10.2546	1.42866e+18
10.2662	1.46542e+18
10.2778	1.50314e+18
10.2894	1.54175e+18
10.3009	1.58117e+18
10.3125	1.6213e+18
10.3241	1.66202e+18
10.3356	1.70319e+18
10.3472	1.74465e+18
10.3588	1.7862e+18
10.3704	1.82764e+18
10.3819	1.86874e+18
10.3935	1.90923e+18
10.4051	1.94883e+18
10.4167	1.98726e+18
10.4282	2.0242e+18
10.4398	2.05931e+18
10.4514	2.09228e+18
10.463	2.12277e+18
10.4745	2.15046e+18
10.4861	2.17504e+18
10.4977	2.19622e+18
10.5093	2.21375e+18
10.5208	2.22741e+18
10.5324	2.23702e+18
10.544	2.24246e+18
10.5556	2.24365e+18
10.5671	2.24059e+18
10.5787	2.2333e+18
10.5903	2.22188e+18
10.6019	2.20649e+18
10.6134	2.18731e+18
10.625	2.16458e+18
10.6366	2.13857e+18
10.6481	2.10957e+18
10.6597	2.07791e+18
10.6713	2.0439e+18
10.6829	2.00788e+18
10.6944	1.97018e+18
10.706	1.93111e+18
10.7176	1.89099e+18
10.7292	1.85011e+18
10.7407	1.80873e+18
10.7523	1.7671e+18
10.7639	1.72545e+18
10.7755	1.68398e+18
10.787	1.64286e+18
10.7986	1.60225e+18
10.8102	1.56229e+18
10.8218	1.52308e+18
10.8333	1.48471e+18
10.8449	1.44726e+18
10.8565	1.4108e+18
10.8681	1.37536e+18
10.8796	1.34098e+18
10.8912	1.30767e+18
10.9028	1.27546e+18
10.9144	1.24434e+18
10.9259	1.21432e+18
10.9375	1.18537e+18
10.9491	1.1575e+18
10.9606	1.13067e+18
10.9722	1.10487e+18
10.9838	1.08008e+18
10.9954	1.05627e+18
11.0069	1.0334e+18
11.0185	1.01146e+18
11.0301	9.90407e+17
11.0417	9.7022e+17
11.0532	9.50867e+17
11.0648	9.32319e+17
11.0764	9.14547e+17
11.088	8.97521e+17
11.0995	8.81214e+17
11.1111	8.65599e+17
11.1227	8.50648e+17
11.1343	8.36338e+17
11.1458	8.22642e+17
11.1574	8.09537e+17
11.169	7.96999e+17
11.1806	7.85007e+17
11.1921	7.73539e+17
11.2037	7.62574e+17
11.2153	7.52094e+17
11.2269	7.4208e+17
11.2384	7.32514e+17
11.25	7.23379e+17
11.2616	7.14658e+17
11.2731	7.06337e+17
11.2847	6.984e+17
11.2963	6.90834e+17
11.3079	6.83625e+17
11.3194	6.76761e+17
11.331	6.7023e+17
11.3426	6.6402e+17
11.3542	6.58121e+17
11.3657	6.52522e+17
11.3773	6.47214e+17
11.3889	6.42187e+17
11.4005	6.37433e+17
11.412	6.32944e+17
11.4236	6.28711e+17
11.4352	6.24728e+17
11.4468	6.20988e+17
11.4583	6.17484e+17
11.4699	6.14211e+17
11.4815	6.11161e+17
11.4931	6.08331e+17
11.5046	6.05714e+17
11.5162	6.03307e+17
11.5278	6.01104e+17
11.5394	5.99103e+17
11.5509	5.97298e+17
11.5625	5.95687e+17
