0	6.35909e+17
0.0115741	6.36212e+17
0.0231481	6.36718e+17
0.0347222	6.37427e+17
0.0462963	6.3834e+17
0.0578704	6.39458e+17
0.0694444	6.40783e+17
0.0810185	6.42317e+17
0.0925926	6.4406e+17
0.104167	6.46016e+17
0.115741	6.48186e+17
0.127315	6.50575e+17
0.138889	6.53184e+17
0.150463	6.56016e+17
0.162037	6.59077e+17
0.173611	6.62368e+17
0.185185	6.65896e+17
0.196759	6.69664e+17
0.208333	6.73677e+17
0.219907	6.7794e+17
0.231481	6.8246e+17
0.243056	6.87242e+17
0.25463	6.92292e+17
0.266204	6.97618e+17
0.277778	7.03226e+17
0.289352	7.09125e+17
0.300926	7.15322e+17
0.3125	7.21826e+17
0.324074	7.28645e+17
0.335648	7.35791e+17
0.347222	7.43272e+17
0.358796	7.511e+17
0.37037	7.59286e+17
0.381944	7.67842e+17
0.393519	7.76779e+17
0.405093	7.86113e+17
0.416667	7.95856e+17
0.428241	8.06023e+17
0.439815	8.16629e+17
0.451389	8.27691e+17
0.462963	8.39226e+17
0.474537	8.51251e+17
0.486111	8.63785e+17
0.497685	8.76848e+17
0.509259	8.90461e+17
0.520833	9.04645e+17
0.532407	9.19422e+17
0.543981	9.34816e+17
0.555556	9.50852e+17
0.56713	9.67555e+17
0.578704	9.84953e+17
0.590278	1.00307e+18
0.601852	1.02194e+18
0.613426	1.04159e+18
0.625	1.06206e+18
0.636574	1.08336e+18
0.648148	1.10555e+18
0.659722	1.12864e+18
0.671296	1.15269e+18
0.68287	1.17771e+18
0.694444	1.20375e+18
0.706019	1.23084e+18
0.717593	1.25902e+18
0.729167	1.28833e+18
0.740741	1.31879e+18
0.752315	1.35046e+18
0.763889	1.38335e+18
0.775463	1.4175e+18
0.787037	1.45294e+18
0.798611	1.48969e+18
0.810185	1.52777e+18
0.821759	1.56721e+18
0.833333	1.60801e+18
0.844907	1.65016e+18
0.856481	1.69368e+18
0.868056	1.73853e+18
0.87963	1.78469e+18
0.891204	1.83213e+18
0.902778	1.88078e+18
0.914352	1.93057e+18
0.925926	1.98141e+18
0.9375	2.0332e+18
0.949074	2.0858e+18
0.960648	2.13906e+18
0.972222	2.1928e+18
0.983796	2.24684e+18
0.99537	2.30094e+18
1.00694	2.35487e+18
1.01852	2.40837e+18
1.03009	2.46116e+18
1.04167	2.51295e+18
1.05324	2.56345e+18
1.06481	2.61236e+18
1.07639	2.65938e+18
1.08796	2.70422e+18
1.09954	2.74664e+18
1.11111	2.78639e+18
1.12269	2.82328e+18
1.13426	2.85714e+18
1.14583	2.88789e+18
1.15741	2.91546e+18
1.16898	2.93986e+18
1.18056	2.96117e+18
1.19213	2.97951e+18
1.2037	2.99508e+18
1.21528	3.00811e+18
1.22685	3.01891e+18
1.23843	3.02781e+18
1.25	3.03519e+18
1.26157	3.04146e+18
1.27315	3.04705e+18
1.28472	3.05241e+18
1.2963	3.05798e+18
1.30787	3.06422e+18
1.31944	3.07158e+18
1.33102	3.0805e+18
1.34259	3.0914e+18
1.35417	3.10472e+18
1.36574	3.12082e+18
1.37731	3.14011e+18
1.38889	3.16291e+18
1.40046	3.18958e+18
1.41204	3.2204e+18
1.42361	3.25567e+18
1.43519	3.29564e+18
1.44676	3.34052e+18
1.45833	3.39051e+18
1.46991	3.44575e+18
1.48148	3.50635e+18
1.49306	3.57235e+18
1.50463	3.64374e+18
1.5162	3.72043e+18
1.52778	3.80225e+18
1.53935	3.88894e+18
1.55093	3.9801e+18
1.5625	4.07522e+18
1.57407	4.17365e+18
1.58565	4.27458e+18
1.59722	4.37703e+18
1.6088	4.47984e+18
1.62037	4.58171e+18
1.63194	4.68114e+18
1.64352	4.77651e+18
1.65509	4.86609e+18
1.66667	4.94808e+18
1.67824	5.02066e+18
1.68981	5.08207e+18
1.70139	5.1307e+18
1.71296	5.16511e+18
1.72454	5.18414e+18
1.73611	5.18699e+18
1.74769	5.1732e+18
1.75926	5.14273e+18
1.77083	5.09596e+18
1.78241	5.03361e+18
1.79398	4.95678e+18
1.80556	4.86681e+18
1.81713	4.76528e+18
1.8287	4.65388e+18
1.84028	4.53438e+18
1.85185	4.40853e+18
1.86343	4.27804e+18
1.875	4.14448e+18
1.88657	4.00931e+18
1.89815	3.87382e+18
1.90972	3.73913e+18
1.9213	3.6062e+18
1.93287	3.47581e+18
1.94444	3.3486e+18
1.95602	3.22506e+18
1.96759	3.10557e+18
1.97917	2.99039e+18
1.99074	2.87968e+18
2.00231	2.77354e+18
2.01389	2.672e+18
2.02546	2.57503e+18
2.03704	2.48256e+18
2.04861	2.3945e+18
2.06019	2.31071e+18
2.07176	2.23107e+18
2.08333	2.15542e+18
2.09491	2.08359e+18
2.10648	2.01542e+18
2.11806	1.95075e+18
2.12963	1.88941e+18
2.1412	1.83123e+18
2.15278	1.77606e+18
2.16435	1.72375e+18
2.17593	1.67414e+18
2.1875	1.62709e+18
2.19907	1.58248e+18
2.21065	1.54017e+18
2.22222	1.50003e+18
2.2338	1.46196e+18
2.24537	1.42585e+18
2.25694	1.39159e+18
2.26852	1.35908e+18
2.28009	1.32824e+18
2.29167	1.29897e+18
2.30324	1.27121e+18
2.31481	1.24487e+18
2.32639	1.21988e+18
2.33796	1.19617e+18
2.34954	1.1737e+18
2.36111	1.15238e+18
2.37269	1.13219e+18
2.38426	1.11305e+18
2.39583	1.09493e+18
2.40741	1.07778e+18
2.41898	1.06155e+18
2.43056	1.04622e+18
2.44213	1.03175e+18
2.4537	1.01809e+18
2.46528	1.00523e+18
2.47685	9.93126e+17
2.48843	9.81758e+17
2.5	9.71101e+17
2.51157	9.61131e+17
2.52315	9.51827e+17
2.53472	9.4317e+17
2.5463	9.35142e+17
2.55787	9.27726e+17
2.56944	9.20907e+17
2.58102	9.14672e+17
2.59259	9.09009e+17
2.60417	9.03907e+17
2.61574	8.99357e+17
2.62731	8.95349e+17
2.63889	8.91877e+17
2.65046	8.88935e+17
2.66204	8.86517e+17
2.67361	8.8462e+17
2.68519	8.83241e+17
2.69676	8.82377e+17
2.70833	8.82029e+17
2.71991	8.82197e+17
2.73148	8.82882e+17
2.74306	8.84085e+17
2.75463	8.85811e+17
2.7662	8.88064e+17
2.77778	8.9085e+17
2.78935	8.94173e+17
2.80093	8.98043e+17
2.8125	9.02467e+17
2.82407	9.07455e+17
2.83565	9.13017e+17
2.84722	9.19165e+17
2.8588	9.25911e+17
2.87037	9.3327e+17
2.88194	9.41256e+17
2.89352	9.49885e+17
2.90509	9.59174e+17
2.91667	9.69141e+17
2.92824	9.79806e+17
2.93981	9.91188e+17
2.95139	1.00331e+18
2.96296	1.01619e+18
2.97454	1.02986e+18
2.98611	1.04433e+18
2.99769	1.05964e+18
3.00926	1.07581e+18
3.02083	1.09287e+18
3.03241	1.11084e+18
3.04398	1.12974e+18
3.05556	1.14962e+18
3.06713	1.17049e+18
3.0787	1.19238e+18
3.09028	1.21532e+18
3.10185	1.23932e+18
3.11343	1.26442e+18
3.125	1.29064e+18
3.13657	1.31798e+18
3.14815	1.34647e+18
3.15972	1.37611e+18
3.1713	1.4069e+18
3.18287	1.43883e+18
3.19444	1.47191e+18
3.20602	1.5061e+18
3.21759	1.54137e+18
3.22917	1.57767e+18
3.24074	1.61496e+18
3.25231	1.65314e+18
3.26389	1.69213e+18
3.27546	1.73182e+18
3.28704	1.77207e+18
3.29861	1.81274e+18
3.31019	1.85364e+18
3.32176	1.89458e+18
3.33333	1.93532e+18
3.34491	1.97563e+18
3.35648	2.01524e+18
3.36806	2.05385e+18
3.37963	2.09116e+18
3.3912	2.12685e+18
3.40278	2.16058e+18
3.41435	2.19204e+18
3.42593	2.22089e+18
3.4375	2.24681e+18
3.44907	2.2695e+18
3.46065	2.28871e+18
3.47222	2.30417e+18
3.4838	2.31571e+18
3.49537	2.32317e+18
3.50694	2.32646e+18
3.51852	2.32552e+18
3.53009	2.32038e+18
3.54167	2.3111e+18
3.55324	2.29781e+18
3.56481	2.28067e+18
3.57639	2.25991e+18
3.58796	2.23578e+18
3.59954	2.20856e+18
3.61111	2.17857e+18
3.62269	2.14612e+18
3.63426	2.11155e+18
3.64583	2.07518e+18
3.65741	2.03734e+18
3.66898	1.99835e+18
3.68056	1.95851e+18
3.69213	1.91809e+18
3.7037	1.87736e+18
3.71528	1.83654e+18
3.72685	1.79586e+18
3.73843	1.75551e+18
3.75	1.71564e+18
3.76157	1.67641e+18
3.77315	1.63792e+18
3.78472	1.6003e+18
3.7963	1.56362e+18
3.80787	1.52794e+18
3.81944	1.49333e+18
3.83102	1.45982e+18
3.84259	1.42743e+18
3.85417	1.3962e+18
3.86574	1.36611e+18
3.87731	1.33719e+18
3.88889	1.30941e+18
3.90046	1.28278e+18
3.91204	1.25727e+18
3.92361	1.23287e+18
3.93519	1.20956e+18
3.94676	1.18731e+18
3.95833	1.1661e+18
3.96991	1.14591e+18
3.98148	1.1267e+18
3.99306	1.10845e+18
4.00463	1.09114e+18
4.0162	1.07473e+18
4.02778	1.0592e+18
4.03935	1.04453e+18
4.05093	1.03069e+18
4.0625	1.01765e+18
4.07407	1.00539e+18
4.08565	9.93893e+17
4.09722	9.83133e+17
4.1088	9.73089e+17
4.12037	9.63743e+17
4.13194	9.55077e+17
4.14352	9.47073e+17
4.15509	9.39716e+17
4.16667	9.32991e+17
4.17824	9.26884e+17
4.18981	9.21382e+17
4.20139	9.16474e+17
4.21296	9.1215e+17
4.22454	9.084e+17
4.23611	9.05216e+17
4.24769	9.02592e+17
4.25926	9.0052e+17
4.27083	8.98996e+17
4.28241	8.98016e+17
4.29398	8.97577e+17
4.30556	8.97678e+17
4.31713	8.98318e+17
4.3287	8.99497e+17
4.34028	9.01217e+17
4.35185	9.0348e+17
4.36343	9.0629e+17
4.375	9.09652e+17
4.38657	9.13573e+17
4.39815	9.18059e+17
4.40972	9.23119e+17
4.4213	9.28763e+17
4.43287	9.35001e+17
4.44444	9.41847e+17
4.45602	9.49314e+17
4.46759	9.57418e+17
4.47917	9.66176e+17
4.49074	9.75605e+17
4.50231	9.85727e+17
4.51389	9.96563e+17
4.52546	1.00814e+18
4.53704	1.02048e+18
4.54861	1.03361e+18
4.56019	1.04756e+18
4.57176	1.06237e+18
4.58333	1.07806e+18
4.59491	1.09469e+18
4.60648	1.11228e+18
4.61806	1.13088e+18
4.62963	1.15053e+18
4.6412	1.1713e+18
4.65278	1.19322e+18
4.66435	1.21636e+18
4.67593	1.24078e+18
4.6875	1.26653e+18
4.69907	1.2937e+18
4.71065	1.32236e+18
4.72222	1.35257e+18
4.7338	1.38444e+18
4.74537	1.41804e+18
4.75694	1.45348e+18
4.76852	1.49085e+18
4.78009	1.53027e+18
4.79167	1.57184e+18
4.80324	1.61568e+18
4.81481	1.66193e+18
4.82639	1.71072e+18
4.83796	1.76218e+18
4.84954	1.81646e+18
4.86111	1.87372e+18
4.87269	1.93411e+18
4.88426	1.99779e+18
4.89583	2.06494e+18
4.90741	2.1357e+18
4.91898	2.21025e+18
4.93056	2.28876e+18
4.94213	2.37136e+18
4.9537	2.45821e+18
4.96528	2.54944e+18
4.97685	2.64513e+18
4.98843	2.74538e+18
5	2.8502e+18
5.01157	2.95957e+18
5.02315	3.07342e+18
5.03472	3.19159e+18
5.0463	3.31383e+18
5.05787	3.43979e+18
5.06944	3.56899e+18
5.08102	3.70081e+18
5.09259	3.8345e+18
5.10417	3.96912e+18
5.11574	4.10358e+18
5.12731	4.23661e+18
5.13889	4.36678e+18
5.15046	4.49252e+18
5.16204	4.61215e+18
5.17361	4.72391e+18
5.18519	4.82605e+18
5.19676	4.91683e+18
5.20833	4.99467e+18
5.21991	5.05817e+18
5.23148	5.1062e+18
5.24306	5.13796e+18
5.25463	5.15301e+18
5.2662	5.15134e+18
5.27778	5.13332e+18
5.28935	5.09972e+18
5.30093	5.05163e+18
5.3125	4.99044e+18
5.32407	4.91776e+18
5.33565	4.83532e+18
5.34722	4.74493e+18
5.3588	4.64839e+18
5.37037	4.54746e+18
5.38194	4.44377e+18
5.39352	4.33884e+18
5.40509	4.23401e+18
5.41667	4.13046e+18
5.42824	4.02921e+18
5.43981	3.93109e+18
5.45139	3.83678e+18
5.46296	3.74684e+18
5.47454	3.66167e+18
5.48611	3.58156e+18
5.49769	3.50673e+18
5.50926	3.43728e+18
5.52083	3.37326e+18
5.53241	3.31466e+18
5.54398	3.2614e+18
5.55556	3.21336e+18
5.56713	3.17041e+18
5.5787	3.13237e+18
5.59028	3.09902e+18
5.60185	3.07014e+18
5.61343	3.04546e+18
5.625	3.02473e+18
5.63657	3.00763e+18
5.64815	2.99385e+18
5.65972	2.98307e+18
5.6713	2.97491e+18
5.68287	2.96902e+18
5.69444	2.965e+18
5.70602	2.96244e+18
5.71759	2.96093e+18
5.72917	2.96003e+18
5.74074	2.95931e+18
5.75231	2.95832e+18
5.76389	2.95664e+18
5.77546	2.95383e+18
5.78704	2.9495e+18
5.79861	2.94326e+18
5.81019	2.93475e+18
5.82176	2.92369e+18
5.83333	2.90979e+18
5.84491	2.89286e+18
5.85648	2.87274e+18
5.86806	2.84935e+18
5.87963	2.82264e+18
5.8912	2.79265e+18
5.90278	2.75946e+18
5.91435	2.72321e+18
5.92593	2.68408e+18
5.9375	2.64229e+18
5.94907	2.59811e+18
5.96065	2.55179e+18
5.97222	2.50365e+18
5.9838	2.45397e+18
5.99537	2.40307e+18
6.00694	2.35124e+18
6.01852	2.29878e+18
6.03009	2.24594e+18
6.04167	2.19299e+18
6.05324	2.14017e+18
6.06481	2.08767e+18
6.07639	2.0357e+18
6.08796	1.98442e+18
6.09954	1.93398e+18
6.11111	1.88449e+18
6.12269	1.83605e+18
6.13426	1.78876e+18
6.14583	1.74268e+18
6.15741	1.69786e+18
6.16898	1.65433e+18
6.18056	1.61212e+18
6.19213	1.57124e+18
6.2037	1.5317e+18
6.21528	1.49349e+18
6.22685	1.4566e+18
6.23843	1.42101e+18
6.25	1.3867e+18
6.26157	1.35365e+18
6.27315	1.32182e+18
6.28472	1.29119e+18
6.2963	1.26172e+18
6.30787	1.23337e+18
6.31944	1.20612e+18
6.33102	1.17993e+18
6.34259	1.15475e+18
6.35417	1.13057e+18
6.36574	1.10733e+18
6.37731	1.08501e+18
6.38889	1.06358e+18
6.40046	1.04299e+18
6.41204	1.02323e+18
6.42361	1.00425e+18
6.43519	9.86025e+17
6.44676	9.6853e+17
6.45833	9.51736e+17
6.46991	9.35614e+17
6.48148	9.2014e+17
6.49306	9.05288e+17
6.50463	8.91034e+17
6.5162	8.77356e+17
6.52778	8.64233e+17
6.53935	8.51642e+17
6.55093	8.39566e+17
6.5625	8.27983e+17
6.57407	8.16878e+17
6.58565	8.06231e+17
6.59722	7.96028e+17
6.6088	7.86252e+17
6.62037	7.76888e+17
6.63194	7.67923e+17
6.64352	7.59343e+17
6.65509	7.51135e+17
6.66667	7.43288e+17
6.67824	7.3579e+17
6.68981	7.28629e+17
6.70139	7.21797e+17
6.71296	7.15282e+17
6.72454	7.09077e+17
6.73611	7.03171e+17
6.74769	6.97557e+17
6.75926	6.92228e+17
6.77083	6.87175e+17
6.78241	6.82392e+17
6.79398	6.77873e+17
6.80556	6.7361e+17
6.81713	6.696e+17
6.8287	6.65836e+17
6.84028	6.62313e+17
6.85185	6.59026e+17
6.86343	6.55972e+17
6.875	6.53146e+17
6.88657	6.50545e+17
6.89815	6.48165e+17
6.90972	6.46004e+17
6.9213	6.44057e+17
6.93287	6.42324e+17
6.94444	6.40801e+17
6.95602	6.39487e+17
6.96759	6.3838e+17
6.97917	6.37478e+17
6.99074	6.36781e+17
7.00231	6.36288e+17
7.01389	6.35997e+17
7.02546	6.35908e+17
7.03704	6.36022e+17
7.04861	6.36337e+17
7.06019	6.36856e+17
7.07176	6.37577e+17
7.08333	6.38503e+17
7.09491	6.39634e+17
7.10648	6.40971e+17
7.11806	6.42516e+17
7.12963	6.44272e+17
7.1412	6.46239e+17
7.15278	6.48421e+17
7.16435	6.5082e+17
7.17593	6.53439e+17
7.1875	6.56282e+17
7.19907	6.59352e+17
7.21065	6.62652e+17
7.22222	6.66188e+17
7.2338	6.69963e+17
7.24537	6.73983e+17
7.25694	6.78252e+17
7.26852	6.82777e+17
7.28009	6.87563e+17
7.29167	6.92616e+17
7.30324	6.97944e+17
7.31481	7.03552e+17
7.32639	7.0945e+17
7.33796	7.15645e+17
7.34954	7.22145e+17
7.36111	7.2896e+17
7.37269	7.36098e+17
7.38426	7.43571e+17
7.39583	7.51388e+17
7.40741	7.59561e+17
7.41898	7.68102e+17
7.43056	7.77022e+17
7.44213	7.86336e+17
7.4537	7.96056e+17
7.46528	8.06198e+17
7.47685	8.16776e+17
7.48843	8.27807e+17
7.5	8.39307e+17
7.51157	8.51295e+17
7.52315	8.63788e+17
7.53472	8.76806e+17
7.5463	8.90369e+17
7.55787	9.04499e+17
7.56944	9.19219e+17
7.58102	9.34551e+17
7.59259	9.5052e+17
7.60417	9.67152e+17
7.61574	9.84473e+17
7.62731	1.00251e+18
7.63889	1.02129e+18
7.65046	1.04085e+18
7.66204	1.06122e+18
7.67361	1.08243e+18
7.68519	1.1045e+18
7.69676	1.12749e+18
7.70833	1.15141e+18
7.71991	1.17631e+18
7.73148	1.20222e+18
7.74306	1.22919e+18
7.75463	1.25724e+18
7.7662	1.28641e+18
7.77778	1.31675e+18
7.78935	1.34828e+18
7.80093	1.38104e+18
7.8125	1.41507e+18
7.82407	1.4504e+18
7.83565	1.48705e+18
7.84722	1.52505e+18
7.8588	1.56442e+18
7.87037	1.60517e+18
7.88194	1.64731e+18
7.89352	1.69085e+18
7.90509	1.73577e+18
7.91667	1.78205e+18
7.92824	1.82966e+18
7.93981	1.87856e+18
7.95139	1.92868e+18
7.96296	1.97995e+18
7.97454	2.03226e+18
7.98611	2.08551e+18
7.99769	2.13956e+18
8.00926	2.19424e+18
8.02083	2.24938e+18
8.03241	2.30476e+18
8.04398	2.36017e+18
8.05556	2.41536e+18
8.06713	2.47006e+18
8.0787	2.52399e+18
8.09028	2.57688e+18
8.10185	2.62841e+18
8.11343	2.6783e+18
8.125	2.72627e+18
8.13657	2.77205e+18
8.14815	2.8154e+18
8.15972	2.85611e+18
8.1713	2.89399e+18
8.18287	2.92894e+18
8.19444	2.96089e+18
8.20602	2.98981e+18
8.21759	3.01575e+18
8.22917	3.03883e+18
8.24074	3.05921e+18
8.25231	3.07713e+18
8.26389	3.09286e+18
8.27546	3.10673e+18
8.28704	3.11913e+18
8.29861	3.13045e+18
8.31019	3.14112e+18
8.32176	3.15161e+18
8.33333	3.16237e+18
8.34491	3.17388e+18
8.35648	3.18661e+18
8.36806	3.201e+18
8.37963	3.21752e+18
8.3912	3.23659e+18
8.40278	3.25862e+18
8.41435	3.28402e+18
8.42593	3.31314e+18
8.4375	3.34632e+18
8.44907	3.38388e+18
8.46065	3.42608e+18
8.47222	3.47316e+18
8.4838	3.52532e+18
8.49537	3.58269e+18
8.50694	3.64538e+18
8.51852	3.7134e+18
8.53009	3.78671e+18
8.54167	3.86517e+18
8.55324	3.94853e+18
8.56481	4.03646e+18
8.57639	4.12848e+18
8.58796	4.22396e+18
8.59954	4.32212e+18
8.61111	4.42202e+18
8.62269	4.52254e+18
8.63426	4.6224e+18
8.64583	4.72014e+18
8.65741	4.81415e+18
8.66898	4.90271e+18
8.68056	4.98404e+18
8.69213	5.05631e+18
8.7037	5.11776e+18
8.71528	5.16672e+18
8.72685	5.20174e+18
8.73843	5.22162e+18
8.75	5.22547e+18
8.76157	5.21278e+18
8.77315	5.18346e+18
8.78472	5.1378e+18
8.7963	5.07647e+18
8.80787	5.00052e+18
8.81944	4.91126e+18
8.83102	4.81021e+18
8.84259	4.69908e+18
8.85417	4.57961e+18
8.86574	4.45356e+18
8.87731	4.32264e+18
8.88889	4.18845e+18
8.90046	4.05247e+18
8.91204	3.91602e+18
8.92361	3.78024e+18
8.93519	3.6461e+18
8.94676	3.51443e+18
8.95833	3.38588e+18
8.96991	3.26096e+18
8.98148	3.14007e+18
8.99306	3.02347e+18
9.00463	2.91135e+18
9.0162	2.80382e+18
9.02778	2.7009e+18
9.03935	2.60259e+18
9.05093	2.50881e+18
9.0625	2.41947e+18
9.07407	2.33445e+18
9.08565	2.25362e+18
9.09722	2.17681e+18
9.1088	2.10387e+18
9.12037	2.03463e+18
9.13194	1.96892e+18
9.14352	1.90659e+18
9.15509	1.84745e+18
9.16667	1.79136e+18
9.17824	1.73816e+18
9.18981	1.68769e+18
9.20139	1.63982e+18
9.21296	1.59441e+18
9.22454	1.55133e+18
9.23611	1.51046e+18
9.24769	1.47167e+18
9.25926	1.43486e+18
9.27083	1.39992e+18
9.28241	1.36675e+18
9.29398	1.33527e+18
9.30556	1.30539e+18
9.31713	1.27701e+18
9.3287	1.25008e+18
9.34028	1.22451e+18
9.35185	1.20024e+18
9.36343	1.1772e+18
9.375	1.15534e+18
9.38657	1.1346e+18
9.39815	1.11493e+18
9.40972	1.09628e+18
9.4213	1.0786e+18
9.43287	1.06186e+18
9.44444	1.04601e+18
9.45602	1.03102e+18
9.46759	1.01685e+18
9.47917	1.00348e+18
9.49074	9.90862e+17
9.50231	9.78979e+17
9.51389	9.67804e+17
9.52546	9.57313e+17
9.53704	9.47484e+17
9.54861	9.38297e+17
9.56019	9.29732e+17
9.57176	9.21772e+17
9.58333	9.14403e+17
9.59491	9.07608e+17
9.60648	9.01376e+17
9.61806	8.95694e+17
9.62963	8.90551e+17
9.6412	8.85939e+17
9.65278	8.81849e+17
9.66435	8.78273e+17
9.67593	8.75206e+17
9.6875	8.72642e+17
9.69907	8.70578e+17
9.71065	8.69011e+17
9.72222	8.67938e+17
9.7338	8.67358e+17
9.74537	8.67271e+17
9.75694	8.67679e+17
9.76852	8.68582e+17
9.78009	8.69985e+17
9.79167	8.71889e+17
9.80324	8.74301e+17
9.81481	8.77226e+17
9.82639	8.8067e+17
9.83796	8.84641e+17
9.84954	8.89148e+17
9.86111	8.942e+17
9.87269	8.99808e+17
9.88426	9.05984e+17
9.89583	9.1274e+17
9.90741	9.20089e+17
9.91898	9.28047e+17
9.93056	9.3663e+17
9.94213	9.45854e+17
9.9537	9.55738e+17
9.96528	9.66299e+17
9.97685	9.7756e+17
9.98843	9.8954e+17
10	1.00226e+18
10.0116	1.01575e+18
10.0231	1.03002e+18
10.0347	1.04511e+18
10.0463	1.06104e+18
10.0579	1.07784e+18
10.0694	1.09553e+18
10.081	1.11414e+18
10.0926	1.13369e+18
10.1042	1.15422e+18
10.1157	1.17576e+18
10.1273	1.19832e+18
10.1389	1.22194e+18
10.1505	1.24663e+18
10.162	1.27243e+18
10.1736	1.29934e+18
10.1852	1.32738e+18
10.1968	1.35657e+18
10.2083	1.38691e+18
10.2199	1.41839e+18
10.2315	1.45102e+18
10.2431	1.48477e+18
10.2546	1.51962e+18
10.2662	1.55553e+18
10.2778	1.59245e+18
10.2894	1.63031e+18
10.3009	1.66902e+18
10.3125	1.70849e+18
10.3241	1.7486e+18
10.3356	1.7892e+18
10.3472	1.83013e+18
10.3588	1.87121e+18
10.3704	1.91221e+18
10.3819	1.95291e+18
10.3935	1.99305e+18
10.4051	2.03235e+18
10.4167	2.07052e+18
10.4282	2.10722e+18
10.4398	2.14216e+18
10.4514	2.17498e+18
10.463	2.20537e+18
10.4745	2.233e+18
10.4861	2.25756e+18
10.4977	2.27876e+18
10.5093	2.29635e+18
10.5208	2.3101e+18
10.5324	2.31986e+18
10.544	2.32547e+18
10.5556	2.32689e+18
10.5671	2.32409e+18
10.5787	2.3171e+18
10.5903	2.30603e+18
10.6019	2.29102e+18
10.6134	2.27227e+18
10.625	2.25001e+18
10.6366	2.22451e+18
10.6481	2.19606e+18
10.6597	2.16499e+18
10.6713	2.13163e+18
10.6829	2.09629e+18
10.6944	2.05932e+18
10.706	2.02103e+18
10.7176	1.98173e+18
10.7292	1.94171e+18
10.7407	1.90125e+18
10.7523	1.86058e+18
10.7639	1.81995e+18
10.7755	1.77954e+18
10.787	1.73953e+18
10.7986	1.70009e+18
10.8102	1.66134e+18
10.8218	1.6234e+18
10.8333	1.58636e+18
10.8449	1.5503e+18
10.8565	1.51528e+18
10.8681	1.48134e+18
10.8796	1.44852e+18
10.8912	1.41684e+18
10.9028	1.38632e+18
10.9144	1.35696e+18
10.9259	1.32875e+18
10.9375	1.3017e+18
10.9491	1.27579e+18
10.9606	1.251e+18
10.9722	1.22731e+18
10.9838	1.20471e+18
10.9954	1.18316e+18
11.0069	1.16265e+18
11.0185	1.14314e+18
11.0301	1.12461e+18
11.0417	1.10704e+18
11.0532	1.0904e+18
11.0648	1.07466e+18
11.0764	1.05979e+18
11.088	1.04577e+18
11.0995	1.03258e+18
11.1111	1.0202e+18
11.1227	1.00859e+18
11.1343	9.97738e+17
11.1458	9.87627e+17
11.1574	9.78234e+17
11.169	9.69541e+17
11.1806	9.61531e+17
11.1921	9.54189e+17
11.2037	9.47499e+17
11.2153	9.41447e+17
11.2269	9.36022e+17
11.2384	9.31212e+17
11.25	9.27007e+17
11.2616	9.23397e+17
11.2731	9.20375e+17
11.2847	9.17933e+17
11.2963	9.16067e+17
11.3079	9.14772e+17
11.3194	9.14044e+17
11.331	9.13882e+17
11.3426	9.14283e+17
11.3542	9.15249e+17
11.3657	9.1678e+17
11.3773	9.18878e+17
11.3889	9.21548e+17
11.4005	9.24794e+17
11.412	9.28623e+17
11.4236	9.33041e+17
11.4352	9.38057e+17
11.4468	9.43681e+17
11.4583	9.49925e+17
11.4699	9.56801e+17
11.4815	9.64324e+17
11.4931	9.7251e+17
11.5046	9.81375e+17
11.5162	9.9094e+17
11.5278	1.00123e+18
11.5394	1.01225e+18
11.5509	1.02405e+18
11.5625	1.03664e+18
