0	3.22687e+18
0.0115741	3.22266e+18
0.0231481	3.21568e+18
0.0347222	3.20597e+18
0.0462963	3.19358e+18
0.0578704	3.17858e+18
0.0694444	3.16106e+18
0.0810185	3.14112e+18
0.0925926	3.11887e+18
0.104167	3.09443e+18
0.115741	3.06792e+18
0.127315	3.03948e+18
0.138889	3.00925e+18
0.150463	2.97737e+18
0.162037	2.944e+18
0.173611	2.90927e+18
0.185185	2.87334e+18
0.196759	2.83636e+18
0.208333	2.79845e+18
0.219907	2.75978e+18
0.231481	2.72046e+18
0.243056	2.68063e+18
0.25463	2.64042e+18
0.266204	2.59994e+18
0.277778	2.55931e+18
0.289352	2.51862e+18
0.300926	2.47799e+18
0.3125	2.43749e+18
0.324074	2.39721e+18
0.335648	2.35724e+18
0.347222	2.31763e+18
0.358796	2.27846e+18
0.37037	2.23979e+18
0.381944	2.20165e+18
0.393519	2.16411e+18
0.405093	2.1272e+18
0.416667	2.09095e+18
0.428241	2.0554e+18
0.439815	2.02058e+18
0.451389	1.98651e+18
0.462963	1.9532e+18
0.474537	1.92067e+18
0.486111	1.88893e+18
0.497685	1.858e+18
0.509259	1.82788e+18
0.520833	1.79857e+18
0.532407	1.77009e+18
0.543981	1.74242e+18
0.555556	1.71556e+18
0.56713	1.68953e+18
0.578704	1.6643e+18
0.590278	1.63989e+18
0.601852	1.61628e+18
0.613426	1.59347e+18
0.625	1.57144e+18
0.636574	1.55021e+18
0.648148	1.52975e+18
0.659722	1.51006e+18
0.671296	1.49114e+18
0.68287	1.47297e+18
0.694444	1.45555e+18
0.706019	1.43888e+18
0.717593	1.42294e+18
0.729167	1.40773e+18
0.740741	1.39324e+18
0.752315	1.37947e+18
0.763889	1.36642e+18
0.775463	1.35407e+18
0.787037	1.34243e+18
0.798611	1.33149e+18
0.810185	1.32125e+18
0.821759	1.31171e+18
0.833333	1.30287e+18
0.844907	1.29472e+18
0.856481	1.28727e+18
0.868056	1.28052e+18
0.87963	1.27447e+18
0.891204	1.26912e+18
0.902778	1.26449e+18
0.914352	1.26058e+18
0.925926	1.25739e+18
0.9375	1.25493e+18
0.949074	1.25321e+18
0.960648	1.25225e+18
0.972222	1.25206e+18
0.983796	1.25264e+18
0.99537	1.25403e+18
1.00694	1.25622e+18
1.01852	1.25926e+18
1.03009	1.26314e+18
1.04167	1.26791e+18
1.05324	1.27358e+18
1.06481	1.28019e+18
1.07639	1.28776e+18
1.08796	1.29633e+18
1.09954	1.30592e+18
1.11111	1.31659e+18
1.12269	1.32837e+18
1.13426	1.34131e+18
1.14583	1.35546e+18
1.15741	1.37086e+18
1.16898	1.38758e+18
1.18056	1.40568e+18
1.19213	1.42521e+18
1.2037	1.44626e+18
1.21528	1.46888e+18
1.22685	1.49317e+18
1.23843	1.51921e+18
1.25	1.54709e+18
1.26157	1.5769e+18
1.27315	1.60874e+18
1.28472	1.64273e+18
1.2963	1.67899e+18
1.30787	1.71762e+18
1.31944	1.75876e+18
1.33102	1.80255e+18
1.34259	1.84913e+18
1.35417	1.89863e+18
1.36574	1.95122e+18
1.37731	2.00704e+18
1.38889	2.06626e+18
1.40046	2.12903e+18
1.41204	2.19551e+18
1.42361	2.26585e+18
1.43519	2.3402e+18
1.44676	2.41869e+18
1.45833	2.50144e+18
1.46991	2.58854e+18
1.48148	2.68005e+18
1.49306	2.77598e+18
1.50463	2.87631e+18
1.5162	2.98093e+18
1.52778	3.08968e+18
1.53935	3.20228e+18
1.55093	3.31836e+18
1.5625	3.43742e+18
1.57407	3.55883e+18
1.58565	3.6818e+18
1.59722	3.80536e+18
1.6088	3.9284e+18
1.62037	4.04962e+18
1.63194	4.16757e+18
1.64352	4.28064e+18
1.65509	4.38715e+18
1.66667	4.4853e+18
1.67824	4.57332e+18
1.68981	4.64948e+18
1.70139	4.71217e+18
1.71296	4.76e+18
1.72454	4.79185e+18
1.73611	4.80691e+18
1.74769	4.80476e+18
1.75926	4.7854e+18
1.77083	4.74919e+18
1.78241	4.69692e+18
1.79398	4.62968e+18
1.80556	4.54884e+18
1.81713	4.456e+18
1.8287	4.35288e+18
1.84028	4.24124e+18
1.85185	4.12287e+18
1.86343	3.99947e+18
1.875	3.87266e+18
1.88657	3.74389e+18
1.89815	3.61448e+18
1.90972	3.48554e+18
1.9213	3.35806e+18
1.93287	3.23283e+18
1.94444	3.1105e+18
1.95602	2.99157e+18
1.96759	2.87643e+18
1.97917	2.76534e+18
1.99074	2.65849e+18
2.00231	2.55597e+18
2.01389	2.45783e+18
2.02546	2.36403e+18
2.03704	2.27453e+18
2.04861	2.18923e+18
2.06019	2.10801e+18
2.07176	2.03074e+18
2.08333	1.95727e+18
2.09491	1.88745e+18
2.10648	1.82111e+18
2.11806	1.75809e+18
2.12963	1.69824e+18
2.1412	1.64139e+18
2.15278	1.58738e+18
2.16435	1.53608e+18
2.17593	1.48732e+18
2.1875	1.44098e+18
2.19907	1.39692e+18
2.21065	1.35502e+18
2.22222	1.31515e+18
2.2338	1.27721e+18
2.24537	1.24108e+18
2.25694	1.20666e+18
2.26852	1.17387e+18
2.28009	1.1426e+18
2.29167	1.11277e+18
2.30324	1.08431e+18
2.31481	1.05713e+18
2.32639	1.03117e+18
2.33796	1.00637e+18
2.34954	9.82656e+17
2.36111	9.59973e+17
2.37269	9.38268e+17
2.38426	9.17487e+17
2.39583	8.97583e+17
2.40741	8.78511e+17
2.41898	8.60227e+17
2.43056	8.42692e+17
2.44213	8.25868e+17
2.4537	8.09719e+17
2.46528	7.94212e+17
2.47685	7.79315e+17
2.48843	7.64999e+17
2.5	7.51236e+17
2.51157	7.38e+17
2.52315	7.25265e+17
2.53472	7.13009e+17
2.5463	7.0121e+17
2.55787	6.89846e+17
2.56944	6.78898e+17
2.58102	6.68348e+17
2.59259	6.58177e+17
2.60417	6.4837e+17
2.61574	6.38911e+17
2.62731	6.29785e+17
2.63889	6.20978e+17
2.65046	6.12476e+17
2.66204	6.04267e+17
2.67361	5.9634e+17
2.68519	5.88682e+17
2.69676	5.81284e+17
2.70833	5.74134e+17
2.71991	5.67223e+17
2.73148	5.60543e+17
2.74306	5.54084e+17
2.75463	5.47838e+17
2.7662	5.41797e+17
2.77778	5.35954e+17
2.78935	5.30302e+17
2.80093	5.24834e+17
2.8125	5.19543e+17
2.82407	5.14423e+17
2.83565	5.09468e+17
2.84722	5.04674e+17
2.8588	5.00034e+17
2.87037	4.95543e+17
2.88194	4.91198e+17
2.89352	4.86992e+17
2.90509	4.82922e+17
2.91667	4.78983e+17
2.92824	4.75172e+17
2.93981	4.71485e+17
2.95139	4.67918e+17
2.96296	4.64467e+17
2.97454	4.6113e+17
2.98611	4.57902e+17
2.99769	4.54782e+17
3.00926	4.51766e+17
3.02083	4.48851e+17
3.03241	4.46036e+17
3.04398	4.43316e+17
3.05556	4.40691e+17
3.06713	4.38157e+17
3.0787	4.35712e+17
3.09028	4.33355e+17
3.10185	4.31083e+17
3.11343	4.28894e+17
3.125	4.26787e+17
3.13657	4.2476e+17
3.14815	4.22812e+17
3.15972	4.20939e+17
3.1713	4.19142e+17
3.18287	4.17419e+17
3.19444	4.15768e+17
3.20602	4.14189e+17
3.21759	4.12679e+17
3.22917	4.11238e+17
3.24074	4.09864e+17
3.25231	4.08557e+17
3.26389	4.07316e+17
3.27546	4.06139e+17
3.28704	4.05026e+17
3.29861	4.03976e+17
3.31019	4.02989e+17
3.32176	4.02062e+17
3.33333	4.01197e+17
3.34491	4.00392e+17
3.35648	3.99646e+17
3.36806	3.9896e+17
3.37963	3.98332e+17
3.3912	3.97763e+17
3.40278	3.97251e+17
3.41435	3.96796e+17
3.42593	3.96399e+17
3.4375	3.96058e+17
3.44907	3.95774e+17
3.46065	3.95547e+17
3.47222	3.95376e+17
3.4838	3.95261e+17
3.49537	3.95202e+17
3.50694	3.95199e+17
3.51852	3.95252e+17
3.53009	3.95361e+17
3.54167	3.95526e+17
3.55324	3.95748e+17
3.56481	3.96026e+17
3.57639	3.96361e+17
3.58796	3.96753e+17
3.59954	3.97202e+17
3.61111	3.97709e+17
3.62269	3.98274e+17
3.63426	3.98897e+17
3.64583	3.9958e+17
3.65741	4.00321e+17
3.66898	4.01122e+17
3.68056	4.01984e+17
3.69213	4.02908e+17
3.7037	4.03893e+17
3.71528	4.0494e+17
3.72685	4.06052e+17
3.73843	4.07227e+17
3.75	4.08468e+17
3.76157	4.09775e+17
3.77315	4.11149e+17
3.78472	4.12591e+17
3.7963	4.14103e+17
3.80787	4.15685e+17
3.81944	4.17339e+17
3.83102	4.19066e+17
3.84259	4.20868e+17
3.85417	4.22746e+17
3.86574	4.24702e+17
3.87731	4.26736e+17
3.88889	4.28852e+17
3.90046	4.3105e+17
3.91204	4.33333e+17
3.92361	4.35703e+17
3.93519	4.38161e+17
3.94676	4.4071e+17
3.95833	4.43352e+17
3.96991	4.46089e+17
3.98148	4.48924e+17
3.99306	4.5186e+17
4.00463	4.54899e+17
4.0162	4.58044e+17
4.02778	4.61298e+17
4.03935	4.64664e+17
4.05093	4.68145e+17
4.0625	4.71746e+17
4.07407	4.75469e+17
4.08565	4.79318e+17
4.09722	4.83297e+17
4.1088	4.87411e+17
4.12037	4.91663e+17
4.13194	4.96058e+17
4.14352	5.00602e+17
4.15509	5.05298e+17
4.16667	5.10153e+17
4.17824	5.15171e+17
4.18981	5.20359e+17
4.20139	5.25722e+17
4.21296	5.31267e+17
4.22454	5.37001e+17
4.23611	5.42931e+17
4.24769	5.49064e+17
4.25926	5.55407e+17
4.27083	5.6197e+17
4.28241	5.6876e+17
4.29398	5.75787e+17
4.30556	5.8306e+17
4.31713	5.9059e+17
4.3287	5.98387e+17
4.34028	6.06462e+17
4.35185	6.14827e+17
4.36343	6.23494e+17
4.375	6.32477e+17
4.38657	6.41789e+17
4.39815	6.51445e+17
4.40972	6.61461e+17
4.4213	6.71853e+17
4.43287	6.82638e+17
4.44444	6.93835e+17
4.45602	7.05463e+17
4.46759	7.17543e+17
4.47917	7.30096e+17
4.49074	7.43146e+17
4.50231	7.56717e+17
4.51389	7.70835e+17
4.52546	7.85528e+17
4.53704	8.00825e+17
4.54861	8.16756e+17
4.56019	8.33356e+17
4.57176	8.5066e+17
4.58333	8.68703e+17
4.59491	8.87528e+17
4.60648	9.07175e+17
4.61806	9.27689e+17
4.62963	9.49119e+17
4.6412	9.71515e+17
4.65278	9.94932e+17
4.66435	1.01943e+18
4.67593	1.04506e+18
4.6875	1.0719e+18
4.69907	1.10002e+18
4.71065	1.12948e+18
4.72222	1.16038e+18
4.7338	1.19278e+18
4.74537	1.22679e+18
4.75694	1.26249e+18
4.76852	1.29999e+18
4.78009	1.33939e+18
4.79167	1.3808e+18
4.80324	1.42435e+18
4.81481	1.47016e+18
4.82639	1.51835e+18
4.83796	1.56908e+18
4.84954	1.62247e+18
4.86111	1.67869e+18
4.87269	1.73788e+18
4.88426	1.8002e+18
4.89583	1.86582e+18
4.90741	1.9349e+18
4.91898	2.00759e+18
4.93056	2.08405e+18
4.94213	2.16443e+18
4.9537	2.24888e+18
4.96528	2.3375e+18
4.97685	2.4304e+18
4.98843	2.52765e+18
5	2.62926e+18
5.01157	2.73521e+18
5.02315	2.84541e+18
5.03472	2.95969e+18
5.0463	3.07781e+18
5.05787	3.19939e+18
5.06944	3.32396e+18
5.08102	3.45088e+18
5.09259	3.57939e+18
5.10417	3.70854e+18
5.11574	3.83723e+18
5.12731	3.96417e+18
5.13889	4.08793e+18
5.15046	4.20693e+18
5.16204	4.31945e+18
5.17361	4.42375e+18
5.18519	4.51802e+18
5.19676	4.60055e+18
5.20833	4.66972e+18
5.21991	4.72411e+18
5.23148	4.76258e+18
5.24306	4.78429e+18
5.25463	4.78881e+18
5.2662	4.77609e+18
5.27778	4.74649e+18
5.28935	4.70073e+18
5.30093	4.6399e+18
5.3125	4.56537e+18
5.32407	4.4787e+18
5.33565	4.38161e+18
5.34722	4.27588e+18
5.3588	4.16329e+18
5.37037	4.04555e+18
5.38194	3.92429e+18
5.39352	3.80098e+18
5.40509	3.67694e+18
5.41667	3.55332e+18
5.42824	3.43111e+18
5.43981	3.31112e+18
5.45139	3.19401e+18
5.46296	3.0803e+18
5.47454	2.97038e+18
5.48611	2.86453e+18
5.49769	2.76294e+18
5.50926	2.66573e+18
5.52083	2.57292e+18
5.53241	2.48452e+18
5.54398	2.40046e+18
5.55556	2.32065e+18
5.56713	2.245e+18
5.5787	2.17336e+18
5.59028	2.10559e+18
5.60185	2.04153e+18
5.61343	1.98104e+18
5.625	1.92394e+18
5.63657	1.87009e+18
5.64815	1.81933e+18
5.65972	1.7715e+18
5.6713	1.72645e+18
5.68287	1.68405e+18
5.69444	1.64416e+18
5.70602	1.60665e+18
5.71759	1.57139e+18
5.72917	1.53827e+18
5.74074	1.50718e+18
5.75231	1.47801e+18
5.76389	1.45067e+18
5.77546	1.42507e+18
5.78704	1.40111e+18
5.79861	1.37871e+18
5.81019	1.35781e+18
5.82176	1.33832e+18
5.83333	1.32019e+18
5.84491	1.30335e+18
5.85648	1.28774e+18
5.86806	1.27331e+18
5.87963	1.26e+18
5.8912	1.24778e+18
5.90278	1.2366e+18
5.91435	1.22641e+18
5.92593	1.21718e+18
5.9375	1.20888e+18
5.94907	1.20147e+18
5.96065	1.19493e+18
5.97222	1.18922e+18
5.9838	1.18432e+18
5.99537	1.18021e+18
6.00694	1.17686e+18
6.01852	1.17426e+18
6.03009	1.17239e+18
6.04167	1.17123e+18
6.05324	1.17077e+18
6.06481	1.17099e+18
6.07639	1.17189e+18
6.08796	1.17344e+18
6.09954	1.17565e+18
6.11111	1.1785e+18
6.12269	1.18199e+18
6.13426	1.18611e+18
6.14583	1.19086e+18
6.15741	1.19623e+18
6.16898	1.20222e+18
6.18056	1.20883e+18
6.19213	1.21605e+18
6.2037	1.2239e+18
6.21528	1.23236e+18
6.22685	1.24144e+18
6.23843	1.25114e+18
6.25	1.26146e+18
6.26157	1.27241e+18
6.27315	1.28399e+18
6.28472	1.29621e+18
6.2963	1.30907e+18
6.30787	1.32258e+18
6.31944	1.33674e+18
6.33102	1.35156e+18
6.34259	1.36705e+18
6.35417	1.38322e+18
6.36574	1.40007e+18
6.37731	1.41761e+18
6.38889	1.43585e+18
6.40046	1.4548e+18
6.41204	1.47447e+18
6.42361	1.49487e+18
6.43519	1.516e+18
6.44676	1.53787e+18
6.45833	1.5605e+18
6.46991	1.58389e+18
6.48148	1.60805e+18
6.49306	1.63298e+18
6.50463	1.6587e+18
6.5162	1.6852e+18
6.52778	1.7125e+18
6.53935	1.74059e+18
6.55093	1.76948e+18
6.5625	1.79917e+18
6.57407	1.82966e+18
6.58565	1.86094e+18
6.59722	1.89301e+18
6.6088	1.92586e+18
6.62037	1.95948e+18
6.63194	1.99386e+18
6.64352	2.02898e+18
6.65509	2.06481e+18
6.66667	2.10135e+18
6.67824	2.13855e+18
6.68981	2.17638e+18
6.70139	2.2148e+18
6.71296	2.25378e+18
6.72454	2.29325e+18
6.73611	2.33317e+18
6.74769	2.37348e+18
6.75926	2.4141e+18
6.77083	2.45497e+18
6.78241	2.496e+18
6.79398	2.5371e+18
6.80556	2.57817e+18
6.81713	2.61913e+18
6.8287	2.65984e+18
6.84028	2.70021e+18
6.85185	2.74011e+18
6.86343	2.77941e+18
6.875	2.81798e+18
6.88657	2.85568e+18
6.89815	2.89237e+18
6.90972	2.9279e+18
6.9213	2.96213e+18
6.93287	2.9949e+18
6.94444	3.02608e+18
6.95602	3.05552e+18
6.96759	3.08307e+18
6.97917	3.1086e+18
6.99074	3.13198e+18
7.00231	3.15309e+18
7.01389	3.17181e+18
7.02546	3.18805e+18
7.03704	3.2017e+18
7.04861	3.2127e+18
7.06019	3.22099e+18
7.07176	3.22651e+18
7.08333	3.22924e+18
7.09491	3.22917e+18
7.10648	3.22629e+18
7.11806	3.22063e+18
7.12963	3.21221e+18
7.1412	3.2011e+18
7.15278	3.18736e+18
7.16435	3.17108e+18
7.17593	3.15233e+18
7.1875	3.13124e+18
7.19907	3.10792e+18
7.21065	3.08249e+18
7.22222	3.05508e+18
7.2338	3.02585e+18
7.24537	2.99491e+18
7.25694	2.96244e+18
7.26852	2.92857e+18
7.28009	2.89344e+18
7.29167	2.85722e+18
7.30324	2.82004e+18
7.31481	2.78204e+18
7.32639	2.74336e+18
7.33796	2.70414e+18
7.34954	2.6645e+18
7.36111	2.62455e+18
7.37269	2.58443e+18
7.38426	2.54423e+18
7.39583	2.50405e+18
7.40741	2.46399e+18
7.41898	2.42414e+18
7.43056	2.38457e+18
7.44213	2.34536e+18
7.4537	2.30658e+18
7.46528	2.26828e+18
7.47685	2.23053e+18
7.48843	2.19336e+18
7.5	2.15683e+18
7.51157	2.12097e+18
7.52315	2.08582e+18
7.53472	2.0514e+18
7.5463	2.01774e+18
7.55787	1.98486e+18
7.56944	1.95277e+18
7.58102	1.9215e+18
7.59259	1.89105e+18
7.60417	1.86143e+18
7.61574	1.83265e+18
7.62731	1.80472e+18
7.63889	1.77763e+18
7.65046	1.75139e+18
7.66204	1.726e+18
7.67361	1.70145e+18
7.68519	1.67774e+18
7.69676	1.65488e+18
7.70833	1.63285e+18
7.71991	1.61166e+18
7.73148	1.59129e+18
7.74306	1.57175e+18
7.75463	1.55303e+18
7.7662	1.53512e+18
7.77778	1.51801e+18
7.78935	1.50172e+18
7.80093	1.48622e+18
7.8125	1.47152e+18
7.82407	1.45761e+18
7.83565	1.44449e+18
7.84722	1.43216e+18
7.8588	1.42061e+18
7.87037	1.40985e+18
7.88194	1.39988e+18
7.89352	1.39069e+18
7.90509	1.38229e+18
7.91667	1.37469e+18
7.92824	1.36788e+18
7.93981	1.36186e+18
7.95139	1.35666e+18
7.96296	1.35227e+18
7.97454	1.34871e+18
7.98611	1.34598e+18
7.99769	1.3441e+18
8.00926	1.34308e+18
8.02083	1.34293e+18
8.03241	1.34368e+18
8.04398	1.34534e+18
8.05556	1.34794e+18
8.06713	1.3515e+18
8.0787	1.35604e+18
8.09028	1.3616e+18
8.10185	1.3682e+18
8.11343	1.37587e+18
8.125	1.38466e+18
8.13657	1.39461e+18
8.14815	1.40575e+18
8.15972	1.41814e+18
8.1713	1.43182e+18
8.18287	1.44685e+18
8.19444	1.46329e+18
8.20602	1.4812e+18
8.21759	1.50064e+18
8.22917	1.52169e+18
8.24074	1.54443e+18
8.25231	1.56894e+18
8.26389	1.59531e+18
8.27546	1.62362e+18
8.28704	1.654e+18
8.29861	1.68653e+18
8.31019	1.72133e+18
8.32176	1.75852e+18
8.33333	1.79824e+18
8.34491	1.8406e+18
8.35648	1.88575e+18
8.36806	1.93384e+18
8.37963	1.98501e+18
8.3912	2.03942e+18
8.40278	2.09721e+18
8.41435	2.15857e+18
8.42593	2.22363e+18
8.4375	2.29255e+18
8.44907	2.36547e+18
8.46065	2.44255e+18
8.47222	2.52388e+18
8.4838	2.60957e+18
8.49537	2.69967e+18
8.50694	2.79423e+18
8.51852	2.8932e+18
8.53009	2.99651e+18
8.54167	3.10399e+18
8.55324	3.2154e+18
8.56481	3.33036e+18
8.57639	3.44841e+18
8.58796	3.56894e+18
8.59954	3.69116e+18
8.61111	3.81417e+18
8.62269	3.93685e+18
8.63426	4.05794e+18
8.64583	4.17601e+18
8.65741	4.28948e+18
8.66898	4.39666e+18
8.68056	4.49579e+18
8.69213	4.58507e+18
8.7037	4.66276e+18
8.71528	4.72724e+18
8.72685	4.77707e+18
8.73843	4.81107e+18
8.75	4.82839e+18
8.76157	4.82856e+18
8.77315	4.81148e+18
8.78472	4.77749e+18
8.7963	4.72729e+18
8.80787	4.66193e+18
8.81944	4.58274e+18
8.83102	4.4913e+18
8.84259	4.3893e+18
8.85417	4.27851e+18
8.86574	4.16072e+18
8.87731	4.03765e+18
8.88889	3.91092e+18
8.90046	3.78202e+18
8.91204	3.65229e+18
8.92361	3.52288e+18
8.93519	3.39479e+18
8.94676	3.26884e+18
8.95833	3.1457e+18
8.96991	3.0259e+18
8.98148	2.90985e+18
8.99306	2.79782e+18
9.00463	2.69001e+18
9.0162	2.58653e+18
9.02778	2.48742e+18
9.03935	2.39268e+18
9.05093	2.30225e+18
9.0625	2.21604e+18
9.07407	2.13394e+18
9.08565	2.05582e+18
9.09722	1.98152e+18
9.1088	1.91091e+18
9.12037	1.8438e+18
9.13194	1.78005e+18
9.14352	1.71949e+18
9.15509	1.66196e+18
9.16667	1.60731e+18
9.17824	1.55539e+18
9.18981	1.50604e+18
9.20139	1.45913e+18
9.21296	1.41453e+18
9.22454	1.37211e+18
9.23611	1.33175e+18
9.24769	1.29333e+18
9.25926	1.25674e+18
9.27083	1.22189e+18
9.28241	1.18867e+18
9.29398	1.15699e+18
9.30556	1.12678e+18
9.31713	1.09795e+18
9.3287	1.07041e+18
9.34028	1.04411e+18
9.35185	1.01898e+18
9.36343	9.94945e+17
9.375	9.71955e+17
9.38657	9.49953e+17
9.39815	9.28887e+17
9.40972	9.08707e+17
9.4213	8.89368e+17
9.43287	8.70826e+17
9.44444	8.53042e+17
9.45602	8.35976e+17
9.46759	8.19593e+17
9.47917	8.03859e+17
9.49074	7.88742e+17
9.50231	7.74213e+17
9.51389	7.60243e+17
9.52546	7.46805e+17
9.53704	7.33875e+17
9.54861	7.21429e+17
9.56019	7.09444e+17
9.57176	6.979e+17
9.58333	6.86777e+17
9.59491	6.76056e+17
9.60648	6.65719e+17
9.61806	6.55749e+17
9.62963	6.46132e+17
9.6412	6.3685e+17
9.65278	6.27892e+17
9.66435	6.19243e+17
9.67593	6.1089e+17
9.6875	6.02821e+17
9.69907	5.95025e+17
9.71065	5.87491e+17
9.72222	5.80209e+17
9.7338	5.73169e+17
9.74537	5.66362e+17
9.75694	5.59778e+17
9.76852	5.5341e+17
9.78009	5.4725e+17
9.79167	5.4129e+17
9.80324	5.35522e+17
9.81481	5.29941e+17
9.82639	5.24539e+17
9.83796	5.1931e+17
9.84954	5.14248e+17
9.86111	5.09348e+17
9.87269	5.04605e+17
9.88426	5.00012e+17
9.89583	4.95566e+17
9.90741	4.91262e+17
9.91898	4.87095e+17
9.93056	4.83061e+17
9.94213	4.79155e+17
9.9537	4.75375e+17
9.96528	4.71716e+17
9.97685	4.68176e+17
9.98843	4.64749e+17
10	4.61434e+17
10.0116	4.58228e+17
10.0231	4.55126e+17
10.0347	4.52127e+17
10.0463	4.49228e+17
10.0579	4.46427e+17
10.0694	4.4372e+17
10.081	4.41106e+17
10.0926	4.38582e+17
10.1042	4.36146e+17
10.1157	4.33796e+17
10.1273	4.31531e+17
10.1389	4.29348e+17
10.1505	4.27246e+17
10.162	4.25223e+17
10.1736	4.23277e+17
10.1852	4.21407e+17
10.1968	4.19612e+17
10.2083	4.17889e+17
10.2199	4.16238e+17
10.2315	4.14658e+17
10.2431	4.13147e+17
10.2546	4.11704e+17
10.2662	4.10329e+17
10.2778	4.09019e+17
10.2894	4.07775e+17
10.3009	4.06594e+17
10.3125	4.05478e+17
10.3241	4.04423e+17
10.3356	4.03431e+17
10.3472	4.025e+17
10.3588	4.0163e+17
10.3704	4.00819e+17
10.3819	4.00068e+17
10.3935	3.99376e+17
10.4051	3.98742e+17
10.4167	3.98167e+17
10.4282	3.97649e+17
10.4398	3.97188e+17
10.4514	3.96784e+17
10.463	3.96437e+17
10.4745	3.96147e+17
10.4861	3.95913e+17
10.4977	3.95736e+17
10.5093	3.95614e+17
10.5208	3.95549e+17
10.5324	3.9554e+17
10.544	3.95587e+17
10.5556	3.9569e+17
10.5671	3.9585e+17
10.5787	3.96066e+17
10.5903	3.96339e+17
10.6019	3.96669e+17
10.6134	3.97056e+17
10.625	3.975e+17
10.6366	3.98003e+17
10.6481	3.98564e+17
10.6597	3.99183e+17
10.6713	3.99862e+17
10.6829	4.00601e+17
10.6944	4.014e+17
10.706	4.0226e+17
10.7176	4.03182e+17
10.7292	4.04166e+17
10.7407	4.05213e+17
10.7523	4.06324e+17
10.7639	4.075e+17
10.7755	4.08742e+17
10.787	4.10051e+17
10.7986	4.11428e+17
10.8102	4.12874e+17
10.8218	4.1439e+17
10.8333	4.15977e+17
10.8449	4.17637e+17
10.8565	4.19372e+17
10.8681	4.21181e+17
10.8796	4.23068e+17
10.8912	4.25034e+17
10.9028	4.2708e+17
10.9144	4.29208e+17
10.9259	4.3142e+17
10.9375	4.33718e+17
10.9491	4.36103e+17
10.9606	4.38579e+17
10.9722	4.41147e+17
10.9838	4.4381e+17
10.9954	4.4657e+17
11.0069	4.4943e+17
11.0185	4.52391e+17
11.0301	4.55458e+17
11.0417	4.58633e+17
11.0532	4.6192e+17
11.0648	4.6532e+17
11.0764	4.68839e+17
11.088	4.72479e+17
11.0995	4.76244e+17
11.1111	4.80138e+17
11.1227	4.84165e+17
11.1343	4.88329e+17
11.1458	4.92635e+17
11.1574	4.97088e+17
11.169	5.01693e+17
11.1806	5.06454e+17
11.1921	5.11377e+17
11.2037	5.16468e+17
11.2153	5.21733e+17
11.2269	5.27179e+17
11.2384	5.32811e+17
11.25	5.38637e+17
11.2616	5.44664e+17
11.2731	5.509e+17
11.2847	5.57353e+17
11.2963	5.64031e+17
11.3079	5.70944e+17
11.3194	5.781e+17
11.331	5.85511e+17
11.3426	5.93186e+17
11.3542	6.01136e+17
11.3657	6.09374e+17
11.3773	6.17911e+17
11.3889	6.2676e+17
11.4005	6.35936e+17
11.412	6.45452e+17
11.4236	6.55325e+17
11.4352	6.6557e+17
11.4468	6.76204e+17
11.4583	6.87246e+17
11.4699	6.98714e+17
11.4815	7.1063e+17
11.4931	7.23015e+17
11.5046	7.35891e+17
11.5162	7.49283e+17
11.5278	7.63217e+17
11.5394	7.7772e+17
11.5509	7.92821e+17
11.5625	8.0855e+17
