t	x
0	-421444
0.0115741	-420377
0.0231481	-418600
0.0347222	-416117
0.0462963	-412931
0.0578704	-409048
0.0694444	-404475
0.0810185	-399220
0.0925926	-393290
0.104167	-386696
0.115741	-379450
0.127315	-371563
0.138889	-363049
0.150463	-353922
0.162037	-344197
0.173611	-333892
0.185185	-323022
0.196759	-311607
0.208333	-299666
0.219907	-287219
0.231481	-274287
0.243056	-260891
0.25463	-247055
0.266204	-232801
0.277778	-218155
0.289352	-203139
0.300926	-187781
0.3125	-172105
0.324074	-156138
0.335648	-139908
0.347222	-123441
0.358796	-106765
0.37037	-89909.5
0.381944	-72901.5
0.393519	-55770.3
0.405093	-38544.9
0.416667	-21254.2
0.428241	-3927.61
0.439815	13405.6
0.451389	30716.2
0.462963	47974.8
0.474537	65152.3
0.486111	82219.5
0.497685	99147.7
0.509259	115908
0.520833	132472
0.532407	148813
0.543981	164901
0.555556	180710
0.56713	196214
0.578704	211385
0.590278	226198
0.601852	240629
0.613426	254652
0.625	268244
0.636574	281382
0.648148	294044
0.659722	306207
0.671296	317852
0.68287	328959
0.694444	339508
0.706019	349483
0.717593	358865
0.729167	367640
0.740741	375792
0.752315	383307
0.763889	390173
0.775463	396378
0.787037	401912
0.798611	406765
0.810185	410928
0.821759	414395
0.833333	417160
0.844907	419219
0.856481	420567
0.868056	421202
0.87963	421124
0.891204	420332
0.902778	418828
0.914352	416615
0.925926	413696
0.9375	410075
0.949074	405760
0.960648	400758
0.972222	395076
0.983796	388725
0.99537	381716
1.00694	374060
1.01852	365770
1.03009	356861
1.04167	347347
1.05324	337245
1.06481	326572
1.07639	315346
1.08796	303586
1.09954	291311
1.11111	278544
1.12269	265304
1.13426	251616
1.14583	237501
1.15741	222985
1.16898	208091
1.18056	192844
1.19213	177272
1.2037	161399
1.21528	145253
1.22685	128861
1.23843	112252
1.25	95452.1
1.26157	78491
1.27315	61397.2
1.28472	44199.4
1.2963	26926.9
1.30787	9608.89
1.31944	-7725.4
1.33102	-25046.6
1.34259	-42325.5
1.35417	-59532.8
1.36574	-76639.5
1.37731	-93616.6
1.38889	-110435
1.40046	-127068
1.41204	-143485
1.42361	-159660
1.43519	-175565
1.44676	-191174
1.45833	-206459
1.46991	-221396
1.48148	-235959
1.49306	-250123
1.50463	-263864
1.5162	-277160
1.52778	-289988
1.53935	-302326
1.55093	-314154
1.5625	-325451
1.57407	-336198
1.58565	-346378
1.59722	-355973
1.6088	-364967
1.62037	-373345
1.63194	-381093
1.64352	-388197
1.65509	-394646
1.66667	-400429
1.67824	-405536
1.68981	-409958
1.70139	-413689
1.71296	-416721
1.72454	-419050
1.73611	-420671
1.74769	-421583
1.75926	-421783
1.77083	-421271
1.78241	-420048
1.79398	-418116
1.80556	-415479
1.81713	-412140
1.8287	-408105
1.84028	-403382
1.85185	-397978
1.86343	-391902
1.875	-385164
1.88657	-377776
1.89815	-369751
1.90972	-361101
1.9213	-351842
1.93287	-341988
1.94444	-331558
1.95602	-320567
1.96759	-309035
1.97917	-296981
1.99074	-284426
2.00231	-271390
2.01389	-257896
2.02546	-243967
2.03704	-229625
2.04861	-214895
2.06019	-199803
2.07176	-184372
2.08333	-168631
2.09491	-152604
2.10648	-136319
2.11806	-119804
2.12963	-103087
2.1412	-86195.1
2.15278	-69157.6
2.16435	-52003.3
2.17593	-34761
2.1875	-17460
2.19907	-129.46
2.21065	17201.3
2.22222	34503
2.2338	51746.3
2.24537	68902.1
2.25694	85941.4
2.26852	102835
2.28009	119555
2.29167	136073
2.30324	152360
2.31481	168389
2.32639	184134
2.33796	199567
2.34954	214662
2.36111	229394
2.37269	243737
2.38426	257668
2.39583	271162
2.40741	284198
2.41898	296752
2.43056	308804
2.44213	320332
2.4537	331318
2.46528	341743
2.47685	351590
2.48843	360840
2.5	369480
2.51157	377494
2.52315	384868
2.53472	391590
2.5463	397649
2.55787	403034
2.56944	407736
2.58102	411748
2.59259	415061
2.60417	417672
2.61574	419575
2.62731	420767
2.63889	421246
2.65046	421012
2.66204	420064
2.67361	418404
2.68519	416035
2.69676	412962
2.70833	409189
2.71991	404723
2.73148	399571
2.74306	393742
2.75463	387245
2.7662	380093
2.77778	372297
2.78935	363871
2.80093	354828
2.8125	345184
2.82407	334955
2.83565	324159
2.84722	312814
2.8588	300940
2.87037	288555
2.88194	275682
2.89352	262343
2.90509	248559
2.91667	234354
2.92824	219753
2.93981	204779
2.95139	189459
2.96296	173819
2.97454	157884
2.98611	141682
2.99769	125240
3.00926	108586
3.02083	91748.8
3.03241	74756.1
3.04398	57637
3.05556	40420.4
3.06713	23135.4
3.0787	5811.3
3.09028	-11522.6
3.10185	-28837.1
3.11343	-46102.8
3.125	-63290.5
3.13657	-80371.3
3.14815	-97316.1
3.15972	-114097
3.1713	-130684
3.18287	-147051
3.19444	-163169
3.20602	-179011
3.21759	-194551
3.22917	-209763
3.24074	-224620
3.25231	-239097
3.26389	-253171
3.27546	-266816
3.28704	-280012
3.29861	-292734
3.31019	-304962
3.32176	-316675
3.33333	-327853
3.34491	-338478
3.35648	-348531
3.36806	-357996
3.37963	-366856
3.3912	-375097
3.40278	-382705
3.41435	-389667
3.42593	-395971
3.4375	-401606
3.44907	-406564
3.46065	-410835
3.47222	-414413
3.4838	-417292
3.49537	-419466
3.50694	-420932
3.51852	-421688
3.53009	-421732
3.54167	-421064
3.55324	-419685
3.56481	-417599
3.57639	-414807
3.58796	-411315
3.59954	-407129
3.61111	-402256
3.62269	-396704
3.63426	-390482
3.64583	-383601
3.65741	-376072
3.66898	-367909
3.68056	-359124
3.69213	-349733
3.7037	-339752
3.71528	-329197
3.72685	-318086
3.73843	-306438
3.75	-294273
3.76157	-281610
3.77315	-268472
3.78472	-254881
3.7963	-240859
3.80787	-226430
3.81944	-211619
3.83102	-196450
3.84259	-180949
3.85417	-165143
3.86574	-149057
3.87731	-132720
3.88889	-116158
3.90046	-99399.7
3.91204	-82473.6
3.92361	-65408.1
3.93519	-48232
3.94676	-30974.3
3.95833	-13664.3
3.96991	3668.78
3.98148	20995.7
3.99306	38287.1
4.00463	55513.7
4.0162	72646.5
4.02778	89656.3
4.03935	106514
4.05093	123192
4.0625	139662
4.07407	155895
4.08565	171864
4.09722	187543
4.1088	202904
4.12037	217922
4.13194	232570
4.14352	246825
4.15509	260663
4.16667	274058
4.17824	286990
4.18981	299436
4.20139	311375
4.21296	322786
4.22454	333651
4.23611	343951
4.24769	353668
4.25926	362786
4.27083	371290
4.28241	379164
4.29398	386397
4.30556	392975
4.31713	398887
4.3287	404123
4.34028	408674
4.35185	412533
4.36343	415694
4.375	418150
4.38657	419897
4.39815	420933
4.40972	421256
4.4213	420865
4.43287	419761
4.44444	417946
4.45602	415422
4.46759	412195
4.47917	408269
4.49074	403652
4.50231	398351
4.51389	392375
4.52546	385734
4.53704	378440
4.54861	370505
4.56019	361942
4.57176	352766
4.58333	342992
4.59491	332638
4.60648	321720
4.61806	310257
4.62963	298269
4.6412	285776
4.65278	272799
4.66435	259360
4.67593	245482
4.6875	231188
4.69907	216503
4.71065	201451
4.72222	186059
4.7338	170351
4.74537	154356
4.75694	138099
4.76852	121608
4.78009	104912
4.79167	88037.8
4.80324	71015
4.81481	53872.1
4.82639	36638
4.83796	19341.9
4.84954	2013.15
4.86111	-15319
4.87269	-32625.3
4.88426	-49876.4
4.89583	-67043.2
4.90741	-84096.6
4.91898	-101008
4.93056	-117748
4.94213	-134290
4.9537	-150605
4.96528	-166665
4.97685	-182443
4.98843	-197913
5	-213049
5.01157	-227825
5.02315	-242216
5.03472	-256198
5.0463	-269747
5.05787	-282841
5.06944	-295456
5.08102	-307573
5.09259	-319171
5.10417	-330229
5.11574	-340730
5.12731	-350656
5.13889	-359989
5.15046	-368715
5.16204	-376819
5.17361	-384286
5.18519	-391105
5.19676	-397263
5.20833	-402751
5.21991	-407559
5.23148	-411679
5.24306	-415104
5.25463	-417828
5.2662	-419848
5.27778	-421158
5.28935	-421758
5.30093	-421646
5.3125	-420823
5.32407	-419289
5.33565	-417047
5.34722	-414101
5.3588	-410457
5.37037	-406120
5.38194	-401097
5.39352	-395397
5.40509	-389030
5.41667	-382006
5.42824	-374337
5.43981	-366036
5.45139	-357118
5.46296	-347596
5.47454	-337488
5.48611	-326809
5.49769	-315579
5.50926	-303816
5.52083	-291540
5.53241	-278772
5.54398	-265532
5.55556	-251844
5.56713	-237731
5.5787	-223217
5.59028	-208325
5.60185	-193081
5.61343	-177511
5.625	-161641
5.63657	-145498
5.64815	-129109
5.65972	-112502
5.6713	-95704.4
5.68287	-78745.3
5.69444	-61653.1
5.70602	-44456.6
5.71759	-27185
5.72917	-9867.46
5.74074	7466.8
5.75231	24788.4
5.76389	42068.1
5.77546	59276.7
5.78704	76385
5.79861	93364
5.81019	110185
5.82176	126820
5.83333	143240
5.84491	159418
5.85648	175326
5.86806	190937
5.87963	206225
5.8912	221164
5.90278	235728
5.91435	249894
5.92593	263636
5.9375	276932
5.94907	289760
5.96065	302096
5.97222	313921
5.9838	325214
5.99537	335957
6.00694	346130
6.01852	355718
6.03009	364702
6.04167	373069
6.05324	380804
6.06481	387894
6.07639	394327
6.08796	400092
6.09954	405179
6.11111	409579
6.12269	413286
6.13426	416292
6.14583	418593
6.15741	420185
6.16898	421065
6.18056	421231
6.19213	420684
6.2037	419424
6.21528	417453
6.22685	414775
6.23843	411394
6.25	407317
6.26157	402549
6.27315	397099
6.28472	390976
6.2963	384191
6.30787	376756
6.31944	368682
6.33102	359983
6.34259	350675
6.35417	340772
6.36574	330293
6.37731	319254
6.38889	307675
6.40046	295574
6.41204	282973
6.42361	269893
6.43519	256356
6.44676	242385
6.45833	228003
6.46991	213235
6.48148	198107
6.49306	182643
6.50463	166870
6.5162	150815
6.52778	134505
6.53935	117966
6.55093	101229
6.5625	84319.7
6.57407	67268.1
6.58565	50102.7
6.59722	32852.5
6.6088	15546.8
6.62037	-1785.25
6.63194	-19114.2
6.64352	-36410.9
6.65509	-53646
6.66667	-70790.5
6.67824	-87815.2
6.68981	-104692
6.70139	-121391
6.71296	-137885
6.72454	-154146
6.73611	-170147
6.74769	-185860
6.75926	-201259
6.77083	-216318
6.78241	-231012
6.79398	-245315
6.80556	-259204
6.81713	-272656
6.8287	-285646
6.84028	-298155
6.85185	-310160
6.86343	-321641
6.875	-332578
6.88657	-342955
6.89815	-352752
6.90972	-361954
6.9213	-370545
6.93287	-378510
6.94444	-385836
6.95602	-392511
6.96759	-398523
6.97917	-403863
6.99074	-408520
7.00231	-412489
7.01389	-415761
7.02546	-418331
7.03704	-420196
7.04861	-421351
7.06019	-421795
7.07176	-421527
7.08333	-420547
7.09491	-418858
7.10648	-416462
7.11806	-413363
7.12963	-409566
7.1412	-405078
7.15278	-399906
7.16435	-394059
7.17593	-387547
7.1875	-380380
7.19907	-372572
7.21065	-364135
7.22222	-355083
7.2338	-345431
7.24537	-335196
7.25694	-324395
7.26852	-313047
7.28009	-301169
7.29167	-288784
7.30324	-275910
7.31481	-262571
7.32639	-248788
7.33796	-234584
7.34954	-219985
7.36111	-205014
7.37269	-189696
7.38426	-174058
7.39583	-158126
7.40741	-141927
7.41898	-125488
7.43056	-108837
7.44213	-92001.3
7.4537	-75010.6
7.46528	-57893
7.47685	-40677.6
7.48843	-23393.4
7.5	-6069.7
7.51157	11264.3
7.52315	28579.3
7.53472	45845.9
7.5463	63034.9
7.55787	80117.4
7.56944	97064.3
7.58102	113847
7.59259	130437
7.60417	146806
7.61574	162927
7.62731	178773
7.63889	194315
7.65046	209529
7.66204	224388
7.67361	238867
7.68519	252942
7.69676	266589
7.70833	279784
7.71991	292505
7.73148	304732
7.74306	316442
7.75463	327616
7.7662	338235
7.77778	348282
7.78935	357739
7.80093	366589
7.8125	374819
7.82407	382414
7.83565	389361
7.84722	395648
7.8588	401265
7.87037	406202
7.88194	410451
7.89352	414005
7.90509	416857
7.91667	419003
7.92824	420439
7.93981	421162
7.95139	421172
7.96296	420469
7.97454	419053
7.98611	416927
7.99769	414094
8.00926	410560
8.02083	406331
8.03241	401413
8.04398	395815
8.05556	389546
8.06713	382617
8.0787	375041
8.09028	366828
8.10185	357995
8.11343	348555
8.125	338525
8.13657	327921
8.14815	316763
8.15972	305067
8.1713	292855
8.18287	280147
8.19444	266965
8.20602	253331
8.21759	239268
8.22917	224799
8.24074	209951
8.25231	194746
8.26389	179213
8.27546	163376
8.28704	147262
8.29861	130899
8.31019	114315
8.32176	97537.3
8.33333	80594.6
8.34491	63515.6
8.35648	46329.1
8.36806	29064.3
8.37963	11750.3
8.3912	-5583.58
8.40278	-22908
8.41435	-40193.7
8.42593	-57411.4
8.4375	-74532.1
8.44907	-91526.8
8.46065	-108367
8.47222	-125024
8.4838	-141469
8.49537	-157675
8.50694	-173615
8.51852	-189262
8.53009	-204589
8.54167	-219570
8.55324	-234180
8.56481	-248395
8.57639	-262190
8.58796	-275542
8.59954	-288429
8.61111	-300829
8.62269	-312721
8.63426	-324084
8.64583	-334901
8.65741	-345152
8.66898	-354820
8.68056	-363889
8.69213	-372344
8.7037	-380170
8.71528	-387355
8.72685	-393885
8.73843	-399751
8.75	-404942
8.76157	-409449
8.77315	-413266
8.78472	-416384
8.7963	-418800
8.80787	-420509
8.81944	-421509
8.83102	-421797
8.84259	-421373
8.85417	-420238
8.86574	-418393
8.87731	-415843
8.88889	-412590
8.90046	-408641
8.91204	-404003
8.92361	-398682
8.93519	-392688
8.94676	-386032
8.95833	-378724
8.96991	-370777
8.98148	-362203
8.99306	-353018
9.00463	-343238
9.0162	-332877
9.02778	-321955
9.03935	-310489
9.05093	-298498
9.0625	-286004
9.07407	-273026
9.08565	-259588
9.09722	-245711
9.1088	-231419
9.12037	-216735
9.13194	-201686
9.14352	-186296
9.15509	-170592
9.16667	-154599
9.17824	-138344
9.18981	-121856
9.20139	-105162
9.21296	-88290.6
9.22454	-71269.6
9.23611	-54128.2
9.24769	-36895.2
9.25926	-19599.9
9.27083	-2271.37
9.28241	15061
9.29398	32367.8
9.30556	49619.9
9.31713	66788.1
9.3287	83843.3
9.34028	100757
9.35185	117500
9.36343	134044
9.375	150361
9.38657	166424
9.39815	182205
9.40972	197678
9.4213	212816
9.43287	227594
9.44444	241987
9.45602	255970
9.46759	269519
9.47917	282613
9.49074	295228
9.50231	307342
9.51389	318937
9.52546	329991
9.53704	340486
9.54861	350405
9.56019	359730
9.57176	368446
9.58333	376538
9.59491	383992
9.60648	390795
9.61806	396936
9.62963	402405
9.6412	407192
9.65278	411289
9.66435	414690
9.67593	417388
9.6875	419378
9.69907	420658
9.71065	421226
9.72222	421079
9.7338	420219
9.74537	418648
9.75694	416366
9.76852	413380
9.78009	409693
9.79167	405312
9.80324	400244
9.81481	394498
9.82639	388084
9.83796	381012
9.84954	373295
9.86111	364946
9.87269	355978
9.88426	346407
9.89583	336250
9.90741	325523
9.91898	314245
9.93056	302435
9.94213	290112
9.9537	277299
9.96528	264015
9.97685	250285
9.98843	236131
10	221577
10.0116	206649
10.0231	191370
10.0347	175767
10.0463	159868
10.0579	143697
10.0694	127283
10.081	110654
10.0926	93838
10.1042	76862.9
10.1157	59757.9
10.1273	42551.7
10.1389	25273.6
10.1505	7952.77
10.162	-9381.54
10.1736	-26700
10.1852	-43973.3
10.1968	-61172.2
10.2083	-78267.8
10.2199	-95231
10.2315	-112033
10.2431	-128646
10.2546	-145042
10.2662	-161192
10.2778	-177070
10.2894	-192649
10.3009	-207902
10.3125	-222804
10.3241	-237330
10.3356	-251454
10.3472	-265155
10.3588	-278407
10.3704	-291189
10.3819	-303479
10.3935	-315257
10.4051	-326502
10.4167	-337196
10.4282	-347321
10.4398	-356859
10.4514	-365795
10.463	-374113
10.4745	-381800
10.4861	-388842
10.4977	-395228
10.5093	-400946
10.5208	-405988
10.5324	-410345
10.544	-414009
10.5556	-416974
10.5671	-419235
10.5787	-420789
10.5903	-421633
10.6019	-421765
10.6134	-421185
10.625	-419894
10.6366	-417895
10.6481	-415190
10.6597	-411784
10.6713	-407683
10.6829	-402895
10.6944	-397426
10.706	-391286
10.7176	-384486
10.7292	-377037
10.7407	-368951
10.7523	-360242
10.7639	-350926
10.7755	-341016
10.787	-330531
10.7986	-319488
10.8102	-307905
10.8218	-295803
10.8333	-283201
10.8449	-270120
10.8565	-256584
10.8681	-242614
10.8796	-228234
10.8912	-213468
10.9028	-198342
10.9144	-182881
10.9259	-167111
10.9375	-151058
10.9491	-134751
10.9606	-118215
10.9722	-101480
10.9838	-84572.7
10.9954	-67522.9
11.0069	-50358.9
11.0185	-33109.7
11.0301	-15804.6
11.0417	1527.23
11.0532	18856.5
11.0648	36153.9
11.0764	53390.1
11.088	70536
11.0995	87562.6
11.1111	104441
11.1227	121143
11.1343	137640
11.1458	153903
11.1574	169907
11.169	185623
11.1806	201024
11.1921	216086
11.2037	230782
11.2153	245087
11.2269	258977
11.2384	272428
11.25	285419
11.2616	297926
11.2731	309928
11.2847	321406
11.2963	332339
11.3079	342710
11.3194	352500
11.331	361693
11.3426	370273
11.3542	378226
11.3657	385538
11.3773	392198
11.3889	398193
11.4005	403513
11.412	408149
11.4236	412094
11.4352	415341
11.4468	417884
11.4583	419720
11.4699	420844
11.4815	421255
11.4931	420952
11.5046	419936
11.5162	418208
11.5278	415772
11.5394	412632
11.5509	408792
11.5625	404260
