t	x
0	5
0.01	4.99992
0.02	4.99976
0.03	4.99952
0.04	4.9992
0.05	4.9988
0.06	4.99832
0.07	4.99776
0.08	4.99712
0.09	4.9964
0.1	4.9956
0.11	4.99472
0.12	4.99376
0.13	4.99272
0.14	4.99159
0.15	4.99039
0.16	4.98911
0.17	4.98775
0.18	4.98631
0.19	4.98478
0.2	4.98318
0.21	4.98149
0.22	4.97973
0.23	4.97788
0.24	4.97595
0.25	4.97394
0.26	4.97185
0.27	4.96968
0.28	4.96743
0.29	4.9651
0.3	4.96268
0.31	4.96018
0.32	4.9576
0.33	4.95494
0.34	4.9522
0.35	4.94937
0.36	4.94647
0.37	4.94348
0.38	4.9404
0.39	4.93725
0.4	4.93401
0.41	4.93069
0.42	4.92729
0.43	4.9238
0.44	4.92023
0.45	4.91657
0.46	4.91283
0.47	4.90901
0.48	4.9051
0.49	4.90111
0.5	4.89703
0.51	4.89287
0.52	4.88862
0.53	4.88429
0.54	4.87987
0.55	4.87537
0.56	4.87078
0.57	4.8661
0.58	4.86134
0.59	4.85649
0.6	4.85155
0.61	4.84653
0.62	4.84142
0.63	4.83622
0.64	4.83093
0.65	4.82556
0.66	4.82009
0.67	4.81454
0.68	4.8089
0.69	4.80316
0.7	4.79734
0.71	4.79143
0.72	4.78543
0.73	4.77933
0.74	4.77315
0.75	4.76687
0.76	4.7605
0.77	4.75404
0.78	4.74749
0.79	4.74084
0.8	4.7341
0.81	4.72727
0.82	4.72034
0.83	4.71332
0.84	4.7062
0.85	4.69898
0.86	4.69167
0.87	4.68427
0.88	4.67677
0.89	4.66917
0.9	4.66147
0.91	4.65367
0.92	4.64578
0.93	4.63778
0.94	4.62969
0.95	4.6215
0.96	4.6132
0.97	4.60481
0.98	4.59631
0.99	4.58771
1	4.57901
1.01	4.5702
1.02	4.56129
1.03	4.55228
1.04	4.54316
1.05	4.53393
1.06	4.5246
1.07	4.51516
1.08	4.50561
1.09	4.49596
1.1	4.48619
1.11	4.47632
1.12	4.46633
1.13	4.45623
1.14	4.44603
1.15	4.43571
1.16	4.42527
1.17	4.41472
1.18	4.40406
1.19	4.39328
1.2	4.38238
1.21	4.37137
1.22	4.36024
1.23	4.34899
1.24	4.33762
1.25	4.32613
1.26	4.31451
1.27	4.30278
1.28	4.29092
1.29	4.27894
1.3	4.26683
1.31	4.25459
1.32	4.24223
1.33	4.22974
1.34	4.21712
1.35	4.20436
1.36	4.19148
1.37	4.17846
1.38	4.16531
1.39	4.15203
1.4	4.1386
1.41	4.12505
1.42	4.11135
1.43	4.09751
1.44	4.08353
1.45	4.06941
1.46	4.05514
1.47	4.04073
1.48	4.02617
1.49	4.01147
1.5	3.99661
1.51	3.98161
1.52	3.96645
1.53	3.95114
1.54	3.93567
1.55	3.92005
1.56	3.90426
1.57	3.88832
1.58	3.87222
1.59	3.85595
1.6	3.83951
1.61	3.82291
1.62	3.80615
1.63	3.78921
1.64	3.77209
1.65	3.75481
1.66	3.73735
1.67	3.71971
1.68	3.70189
1.69	3.68388
1.7	3.6657
1.71	3.64732
1.72	3.62876
1.73	3.61001
1.74	3.59106
1.75	3.57192
1.76	3.55258
1.77	3.53304
1.78	3.5133
1.79	3.49335
1.8	3.47319
1.81	3.45283
1.82	3.43225
1.83	3.41146
1.84	3.39045
1.85	3.36922
1.86	3.34777
1.87	3.32609
1.88	3.30418
1.89	3.28204
1.9	3.25966
1.91	3.23704
1.92	3.21419
1.93	3.19109
1.94	3.16774
1.95	3.14415
1.96	3.1203
1.97	3.09619
1.98	3.07183
1.99	3.0472
2	3.0223
2.01	2.99713
2.02	2.97169
2.03	2.94598
2.04	2.91998
2.05	2.8937
2.06	2.86714
2.07	2.84028
2.08	2.81313
2.09	2.78569
2.1	2.75794
2.11	2.72989
2.12	2.70153
2.13	2.67286
2.14	2.64388
2.15	2.61458
2.16	2.58496
2.17	2.55501
2.18	2.52475
2.19	2.49415
2.2	2.46322
2.21	2.43195
2.22	2.40035
2.23	2.36841
2.24	2.33612
2.25	2.30349
2.26	2.27052
2.27	2.23719
2.28	2.20352
2.29	2.1695
2.3	2.13512
2.31	2.10039
2.32	2.06531
2.33	2.02987
2.34	1.99408
2.35	1.95793
2.36	1.92143
2.37	1.88458
2.38	1.84737
2.39	1.80981
2.4	1.7719
2.41	1.73364
2.42	1.69504
2.43	1.65609
2.44	1.6168
2.45	1.57718
2.46	1.53721
2.47	1.49692
2.48	1.4563
2.49	1.41536
2.5	1.3741
2.51	1.33252
2.52	1.29063
2.53	1.24844
2.54	1.20595
2.55	1.16317
2.56	1.12009
2.57	1.07674
2.58	1.03311
2.59	0.989201
2.6	0.945031
2.61	0.900603
2.62	0.855921
2.63	0.810992
2.64	0.765822
2.65	0.720417
2.66	0.674784
2.67	0.628928
2.68	0.582856
2.69	0.536573
2.7	0.490086
2.71	0.443401
2.72	0.396522
2.73	0.349456
2.74	0.302209
2.75	0.254786
2.76	0.207192
2.77	0.159433
2.78	0.111514
2.79	0.0634398
2.8	0.0152153
2.81	-0.0331546
2.82	-0.0816653
2.83	-0.130312
2.84	-0.179091
2.85	-0.227997
2.86	-0.277027
2.87	-0.326175
2.88	-0.37544
2.89	-0.424816
2.9	-0.4743
2.91	-0.523888
2.92	-0.573578
2.93	-0.623365
2.94	-0.673247
2.95	-0.72322
2.96	-0.773282
2.97	-0.823429
2.98	-0.873659
2.99	-0.923969
3	-0.974356
3.01	-1.02482
3.02	-1.07535
3.03	-1.12596
3.04	-1.17663
3.05	-1.22737
3.06	-1.27818
3.07	-1.32904
3.08	-1.37997
3.09	-1.43095
3.1	-1.48199
3.11	-1.53308
3.12	-1.58423
3.13	-1.63543
3.14	-1.68667
3.15	-1.73797
3.16	-1.78931
3.17	-1.8407
3.18	-1.89213
3.19	-1.9436
3.2	-1.99512
3.21	-2.04667
3.22	-2.09827
3.23	-2.1499
3.24	-2.20157
3.25	-2.25327
3.26	-2.30501
3.27	-2.35678
3.28	-2.40859
3.29	-2.46043
3.3	-2.5123
3.31	-2.5642
3.32	-2.61612
3.33	-2.66808
3.34	-2.72007
3.35	-2.77208
3.36	-2.82411
3.37	-2.87618
3.38	-2.92827
3.39	-2.98038
3.4	-3.03251
3.41	-3.08467
3.42	-3.13686
3.43	-3.18906
3.44	-3.24128
3.45	-3.29353
3.46	-3.3458
3.47	-3.39808
3.48	-3.45039
3.49	-3.50271
3.5	-3.55505
3.51	-3.60741
3.52	-3.65979
3.53	-3.71219
3.54	-3.7646
3.55	-3.81702
3.56	-3.86947
3.57	-3.92193
3.58	-3.9744
3.59	-4.02689
3.6	-4.07939
3.61	-4.13191
3.62	-4.18444
3.63	-4.23699
3.64	-4.28954
3.65	-4.34212
3.66	-4.3947
3.67	-4.4473
3.68	-4.4999
3.69	-4.55252
3.7	-4.60515
3.71	-4.6578
3.72	-4.71045
3.73	-4.76312
3.74	-4.81579
3.75	-4.86848
3.76	-4.92117
3.77	-4.97388
3.78	-5.0266
3.79	-5.07932
3.8	-5.13206
3.81	-5.1848
3.82	-5.23755
3.83	-5.29031
3.84	-5.34308
3.85	-5.39586
3.86	-5.44865
3.87	-5.50145
3.88	-5.55425
3.89	-5.60706
3.9	-5.65988
3.91	-5.71271
3.92	-5.76554
3.93	-5.81838
3.94	-5.87123
3.95	-5.92409
3.96	-5.97695
3.97	-6.02982
3.98	-6.08269
3.99	-6.13558
4	-6.18846
4.01	-6.24136
4.02	-6.29426
4.03	-6.34717
4.04	-6.40008
4.05	-6.453
4.06	-6.50592
4.07	-6.55885
4.08	-6.61179
4.09	-6.66473
4.1	-6.71768
4.11	-6.77063
4.12	-6.82359
4.13	-6.87655
4.14	-6.92952
4.15	-6.98249
4.16	-7.03547
4.17	-7.08845
4.18	-7.14143
4.19	-7.19442
4.2	-7.24742
4.21	-7.30042
4.22	-7.35342
4.23	-7.40643
4.24	-7.45945
4.25	-7.51246
4.26	-7.56549
4.27	-7.61851
4.28	-7.67154
4.29	-7.72457
4.3	-7.77761
4.31	-7.83065
4.32	-7.8837
4.33	-7.93674
4.34	-7.9898
4.35	-8.04285
4.36	-8.09591
4.37	-8.14897
4.38	-8.20204
4.39	-8.25511
4.4	-8.30818
4.41	-8.36126
4.42	-8.41434
4.43	-8.46742
4.44	-8.5205
4.45	-8.57359
4.46	-8.62668
4.47	-8.67978
4.48	-8.73288
4.49	-8.78598
4.5	-8.83908
4.51	-8.89219
4.52	-8.9453
4.53	-8.99841
4.54	-9.05152
4.55	-9.10464
4.56	-9.15776
4.57	-9.21088
4.58	-9.26401
4.59	-9.31713
4.6	-9.37026
4.61	-9.4234
4.62	-9.47653
4.63	-9.52967
4.64	-9.58281
4.65	-9.63595
4.66	-9.68909
4.67	-9.74224
4.68	-9.79539
4.69	-9.84854
4.7	-9.90169
4.71	-9.95485
4.72	-10.008
4.73	-10.0612
4.74	-10.1143
4.75	-10.1675
4.76	-10.2207
4.77	-10.2738
4.78	-10.327
4.79	-10.3802
4.8	-10.4333
4.81	-10.4865
4.82	-10.5397
4.83	-10.5929
4.84	-10.6461
4.85	-10.6992
4.86	-10.7524
4.87	-10.8056
4.88	-10.8588
4.89	-10.912
4.9	-10.9652
4.91	-11.0184
4.92	-11.0716
4.93	-11.1248
4.94	-11.178
4.95	-11.2312
4.96	-11.2844
4.97	-11.3376
4.98	-11.3908
4.99	-11.444
5	-11.4972
5.01	-11.5504
5.02	-11.6036
5.03	-11.6568
5.04	-11.71
5.05	-11.7632
5.06	-11.8165
5.07	-11.8697
5.08	-11.9229
5.09	-11.9761
5.1	-12.0293
5.11	-12.0826
5.12	-12.1358
5.13	-12.189
5.14	-12.2422
5.15	-12.2955
5.16	-12.3487
5.17	-12.4019
5.18	-12.4552
5.19	-12.5084
5.2	-12.5616
5.21	-12.6149
5.22	-12.6681
5.23	-12.7213
5.24	-12.7746
5.25	-12.8278
5.26	-12.8811
5.27	-12.9343
5.28	-12.9876
5.29	-13.0408
5.3	-13.094
5.31	-13.1473
5.32	-13.2005
5.33	-13.2538
5.34	-13.307
5.35	-13.3603
5.36	-13.4135
5.37	-13.4668
5.38	-13.5201
5.39	-13.5733
5.4	-13.6266
5.41	-13.6798
5.42	-13.7331
5.43	-13.7863
5.44	-13.8396
5.45	-13.8929
5.46	-13.9461
5.47	-13.9994
5.48	-14.0527
5.49	-14.1059
5.5	-14.1592
5.51	-14.2124
5.52	-14.2657
5.53	-14.319
5.54	-14.3723
5.55	-14.4255
5.56	-14.4788
5.57	-14.5321
5.58	-14.5853
5.59	-14.6386
5.6	-14.6919
5.61	-14.7452
5.62	-14.7984
5.63	-14.8517
5.64	-14.905
5.65	-14.9583
5.66	-15.0115
5.67	-15.0648
5.68	-15.1181
5.69	-15.1714
5.7	-15.2247
5.71	-15.278
5.72	-15.3312
5.73	-15.3845
5.74	-15.4378
5.75	-15.4911
5.76	-15.5444
5.77	-15.5977
5.78	-15.651
5.79	-15.7042
5.8	-15.7575
5.81	-15.8108
5.82	-15.8641
5.83	-15.9174
5.84	-15.9707
5.85	-16.024
5.86	-16.0773
5.87	-16.1306
5.88	-16.1839
5.89	-16.2372
5.9	-16.2905
5.91	-16.3438
5.92	-16.3971
5.93	-16.4504
5.94	-16.5036
5.95	-16.5569
5.96	-16.6102
5.97	-16.6635
5.98	-16.7168
5.99	-16.7701
6	-16.8234
6.01	-16.8767
6.02	-16.9301
6.03	-16.9834
6.04	-17.0367
6.05	-17.09
6.06	-17.1433
6.07	-17.1966
6.08	-17.2499
6.09	-17.3032
6.1	-17.3565
6.11	-17.4098
6.12	-17.4631
6.13	-17.5164
6.14	-17.5697
6.15	-17.623
6.16	-17.6763
6.17	-17.7297
6.18	-17.783
6.19	-17.8363
6.2	-17.8896
6.21	-17.9429
6.22	-17.9962
6.23	-18.0495
6.24	-18.1028
6.25	-18.1562
6.26	-18.2095
6.27	-18.2628
6.28	-18.3161
6.29	-18.3694
6.3	-18.4227
6.31	-18.4761
6.32	-18.5294
6.33	-18.5827
6.34	-18.636
6.35	-18.6893
6.36	-18.7426
6.37	-18.796
6.38	-18.8493
6.39	-18.9026
6.4	-18.9559
6.41	-19.0092
6.42	-19.0626
6.43	-19.1159
6.44	-19.1692
6.45	-19.2225
6.46	-19.2759
6.47	-19.3292
6.48	-19.3825
6.49	-19.4358
6.5	-19.4892
6.51	-19.5425
6.52	-19.5958
6.53	-19.6491
6.54	-19.7025
6.55	-19.7558
6.56	-19.8091
6.57	-19.8624
6.58	-19.9158
6.59	-19.9691
6.6	-20.0224
6.61	-20.0757
6.62	-20.1291
6.63	-20.1824
6.64	-20.2357
6.65	-20.2891
6.66	-20.3424
6.67	-20.3957
6.68	-20.4491
6.69	-20.5024
6.7	-20.5557
6.71	-20.6091
6.72	-20.6624
6.73	-20.7157
6.74	-20.7691
6.75	-20.8224
6.76	-20.8757
6.77	-20.9291
6.78	-20.9824
6.79	-21.0357
6.8	-21.0891
6.81	-21.1424
6.82	-21.1957
6.83	-21.2491
6.84	-21.3024
6.85	-21.3557
6.86	-21.4091
6.87	-21.4624
6.88	-21.5158
6.89	-21.5691
6.9	-21.6224
6.91	-21.6758
6.92	-21.7291
6.93	-21.7824
6.94	-21.8358
6.95	-21.8891
6.96	-21.9425
6.97	-21.9958
6.98	-22.0491
6.99	-22.1025
7	-22.1558
7.01	-22.2092
7.02	-22.2625
7.03	-22.3158
7.04	-22.3692
7.05	-22.4225
7.06	-22.4759
7.07	-22.5292
7.08	-22.5826
7.09	-22.6359
7.1	-22.6892
7.11	-22.7426
7.12	-22.7959
7.13	-22.8493
7.14	-22.9026
7.15	-22.956
7.16	-23.0093
7.17	-23.0627
7.18	-23.116
7.19	-23.1693
7.2	-23.2227
7.21	-23.276
7.22	-23.3294
7.23	-23.3827
7.24	-23.4361
7.25	-23.4894
7.26	-23.5428
7.27	-23.5961
7.28	-23.6495
7.29	-23.7028
7.3	-23.7562
7.31	-23.8095
7.32	-23.8629
7.33	-23.9162
7.34	-23.9696
7.35	-24.0229
7.36	-24.0763
7.37	-24.1296
7.38	-24.183
7.39	-24.2363
7.4	-24.2897
7.41	-24.343
7.42	-24.3964
7.43	-24.4497
7.44	-24.5031
7.45	-24.5564
7.46	-24.6098
7.47	-24.6631
7.48	-24.7165
7.49	-24.7698
7.5	-24.8232
7.51	-24.8765
7.52	-24.9299
7.53	-24.9832
7.54	-25.0366
7.55	-25.0899
7.56	-25.1433
7.57	-25.1966
7.58	-25.25
7.59	-25.3034
7.6	-25.3567
7.61	-25.4101
7.62	-25.4634
7.63	-25.5168
7.64	-25.5701
7.65	-25.6235
7.66	-25.6768
7.67	-25.7302
7.68	-25.7835
7.69	-25.8369
7.7	-25.8903
7.71	-25.9436
7.72	-25.997
7.73	-26.0503
7.74	-26.1037
7.75	-26.157
7.76	-26.2104
7.77	-26.2638
7.78	-26.3171
7.79	-26.3705
7.8	-26.4238
7.81	-26.4772
7.82	-26.5305
7.83	-26.5839
7.84	-26.6373
7.85	-26.6906
7.86	-26.744
7.87	-26.7973
7.88	-26.8507
7.89	-26.9041
7.9	-26.9574
7.91	-27.0108
7.92	-27.0641
7.93	-27.1175
7.94	-27.1709
7.95	-27.2242
7.96	-27.2776
7.97	-27.3309
7.98	-27.3843
7.99	-27.4377
8	-27.491
8.01	-27.5444
8.02	-27.5977
8.03	-27.6511
8.04	-27.7045
8.05	-27.7578
8.06	-27.8112
8.07	-27.8646
8.08	-27.9179
8.09	-27.9713
8.1	-28.0246
8.11	-28.078
8.12	-28.1314
8.13	-28.1847
8.14	-28.2381
8.15	-28.2915
8.16	-28.3448
8.17	-28.3982
8.18	-28.4515
8.19	-28.5049
8.2	-28.5583
8.21	-28.6116
8.22	-28.665
8.23	-28.7184
8.24	-28.7717
8.25	-28.8251
8.26	-28.8785
8.27	-28.9318
8.28	-28.9852
8.29	-29.0386
8.3	-29.0919
8.31	-29.1453
8.32	-29.1986
8.33	-29.252
8.34	-29.3054
8.35	-29.3587
8.36	-29.4121
8.37	-29.4655
8.38	-29.5188
8.39	-29.5722
8.4	-29.6256
8.41	-29.6789
8.42	-29.7323
8.43	-29.7857
8.44	-29.839
8.45	-29.8924
8.46	-29.9458
8.47	-29.9991
8.48	-30.0525
8.49	-30.1059
8.5	-30.1592
8.51	-30.2126
8.52	-30.266
8.53	-30.3193
8.54	-30.3727
8.55	-30.4261
8.56	-30.4795
8.57	-30.5328
8.58	-30.5862
8.59	-30.6396
8.6	-30.6929
8.61	-30.7463
8.62	-30.7997
8.63	-30.853
8.64	-30.9064
8.65	-30.9598
8.66	-31.0131
8.67	-31.0665
8.68	-31.1199
8.69	-31.1732
8.7	-31.2266
8.71	-31.28
8.72	-31.3334
8.73	-31.3867
8.74	-31.4401
8.75	-31.4935
8.76	-31.5468
8.77	-31.6002
8.78	-31.6536
8.79	-31.707
8.8	-31.7603
8.81	-31.8137
8.82	-31.8671
8.83	-31.9204
8.84	-31.9738
8.85	-32.0272
8.86	-32.0805
8.87	-32.1339
8.88	-32.1873
8.89	-32.2407
8.9	-32.294
8.91	-32.3474
8.92	-32.4008
8.93	-32.4542
8.94	-32.5075
8.95	-32.5609
8.96	-32.6143
8.97	-32.6676
8.98	-32.721
8.99	-32.7744
9	-32.8278
9.01	-32.8811
9.02	-32.9345
9.03	-32.9879
9.04	-33.0412
9.05	-33.0946
9.06	-33.148
9.07	-33.2014
9.08	-33.2547
9.09	-33.3081
9.1	-33.3615
9.11	-33.4149
9.12	-33.4682
9.13	-33.5216
9.14	-33.575
9.15	-33.6284
9.16	-33.6817
9.17	-33.7351
9.18	-33.7885
9.19	-33.8419
9.2	-33.8952
9.21	-33.9486
9.22	-34.002
9.23	-34.0554
9.24	-34.1087
9.25	-34.1621
9.26	-34.2155
9.27	-34.2689
9.28	-34.3222
9.29	-34.3756
9.3	-34.429
9.31	-34.4824
9.32	-34.5357
9.33	-34.5891
9.34	-34.6425
9.35	-34.6959
9.36	-34.7492
9.37	-34.8026
9.38	-34.856
9.39	-34.9094
9.4	-34.9627
9.41	-35.0161
9.42	-35.0695
9.43	-35.1229
9.44	-35.1762
9.45	-35.2296
9.46	-35.283
9.47	-35.3364
9.48	-35.3897
9.49	-35.4431
9.5	-35.4965
9.51	-35.5499
9.52	-35.6032
9.53	-35.6566
9.54	-35.71
9.55	-35.7634
9.56	-35.8168
9.57	-35.8701
9.58	-35.9235
9.59	-35.9769
9.6	-36.0303
9.61	-36.0836
9.62	-36.137
9.63	-36.1904
9.64	-36.2438
9.65	-36.2972
9.66	-36.3505
9.67	-36.4039
9.68	-36.4573
9.69	-36.5107
9.7	-36.564
9.71	-36.6174
9.72	-36.6708
9.73	-36.7242
9.74	-36.7776
9.75	-36.8309
9.76	-36.8843
9.77	-36.9377
9.78	-36.9911
9.79	-37.0445
9.8	-37.0978
9.81	-37.1512
9.82	-37.2046
9.83	-37.258
9.84	-37.3113
9.85	-37.3647
9.86	-37.4181
9.87	-37.4715
9.88	-37.5249
9.89	-37.5782
9.9	-37.6316
9.91	-37.685
9.92	-37.7384
9.93	-37.7918
9.94	-37.8451
9.95	-37.8985
9.96	-37.9519
9.97	-38.0053
9.98	-38.0587
9.99	-38.112
10	-38.1654
